>ATGACVTCATNN	5-NNATGABGTCAT	6.754845	-374.115070	0	T:11180.0(14.01%),B:13671.6(10.89%),P:1e-162
0.500	0.248	0.224	0.028
0.031	0.001	0.001	0.967
0.005	0.052	0.699	0.244
0.940	0.048	0.005	0.007
0.161	0.403	0.238	0.198
0.254	0.328	0.250	0.168
0.246	0.007	0.001	0.746
0.260	0.725	0.012	0.003
0.877	0.050	0.001	0.072
0.053	0.194	0.256	0.498
0.191	0.302	0.229	0.278
0.260	0.235	0.227	0.279
