>GGAATTTCCCCA	9-GGAATTTCCCCA	6.416520	-173.983166	0	T:11577.0(14.50%),B:15448.3(12.31%),P:1e-75
0.189	0.057	0.688	0.066
0.120	0.067	0.770	0.043
0.663	0.081	0.223	0.033
0.731	0.112	0.101	0.056
0.188	0.190	0.066	0.556
0.046	0.049	0.087	0.818
0.053	0.062	0.046	0.839
0.047	0.722	0.068	0.163
0.050	0.698	0.049	0.203
0.118	0.617	0.049	0.216
0.320	0.566	0.060	0.054
0.702	0.125	0.051	0.122
