>GAAAGCAGAAGT	10-GAAAGCAGAAGT	10.055008	-144.151347	0	T:1248.0(1.56%),B:1176.2(0.94%),P:1e-62
0.265	0.045	0.449	0.240
0.768	0.008	0.056	0.168
0.936	0.001	0.062	0.001
0.889	0.001	0.028	0.082
0.105	0.040	0.854	0.001
0.016	0.964	0.001	0.019
0.966	0.004	0.001	0.029
0.111	0.001	0.887	0.001
0.926	0.038	0.017	0.019
0.954	0.001	0.044	0.001
0.030	0.082	0.860	0.028
0.001	0.193	0.050	0.756
