>GGCTGGGGDGRG	11-GGCTGGGGDGRG	6.478602	-111.826213	0	T:22044.0(27.62%),B:31797.4(25.33%),P:1e-48
0.242	0.051	0.653	0.054
0.034	0.268	0.468	0.230
0.046	0.562	0.343	0.049
0.061	0.074	0.163	0.702
0.023	0.015	0.672	0.290
0.031	0.018	0.887	0.064
0.076	0.042	0.842	0.040
0.181	0.230	0.391	0.198
0.245	0.013	0.349	0.393
0.052	0.042	0.849	0.057
0.296	0.008	0.425	0.271
0.061	0.044	0.837	0.058
