>GCTGACACCCTA	19-TAGGGTGTCAGC	10.874624	-38.671103	0	T:112.0(0.14%),B:70.4(0.06%),P:1e-16
0.019	0.011	0.909	0.061
0.059	0.881	0.028	0.032
0.048	0.004	0.031	0.917
0.026	0.081	0.869	0.024
0.871	0.049	0.054	0.026
0.030	0.779	0.155	0.036
0.801	0.043	0.050	0.106
0.036	0.762	0.121	0.081
0.105	0.766	0.019	0.110
0.027	0.811	0.095	0.067
0.044	0.031	0.069	0.856
0.784	0.090	0.064	0.062
