>CTGGCCAGGACT	12-CTGGCCAGGACT,BestGuess:Bcl11a(Zf)/HSPC-BCL11A-ChIP-Seq(GSE104676)/Homer(0.657)	7.085777	-94.637009	0	T:8286.0(10.38%),B:11277.1(8.98%),P:1e-41
0.067	0.735	0.097	0.101
0.100	0.050	0.067	0.783
0.072	0.048	0.781	0.099
0.075	0.101	0.753	0.071
0.068	0.774	0.081	0.077
0.100	0.785	0.035	0.080
0.782	0.053	0.053	0.112
0.106	0.041	0.792	0.061
0.097	0.105	0.728	0.070
0.655	0.131	0.127	0.087
0.126	0.698	0.093	0.083
0.111	0.092	0.057	0.740
