>AGGCAGCCTGCC	13-AGGCAGCCTGCC	6.617910	-62.978852	0	T:9426.0(11.81%),B:13305.9(10.60%),P:1e-27
0.550	0.036	0.182	0.232
0.053	0.169	0.731	0.047
0.205	0.216	0.533	0.046
0.181	0.552	0.175	0.092
0.604	0.143	0.032	0.221
0.045	0.051	0.707	0.197
0.149	0.594	0.212	0.045
0.179	0.619	0.041	0.161
0.197	0.108	0.142	0.553
0.039	0.064	0.674	0.223
0.153	0.539	0.257	0.051
0.059	0.708	0.177	0.056
