>ATVTATAWATAT	23-ATVTATAWATAT	11.079900	-18.591869	0	T:65.0(0.08%),B:46.5(0.04%),P:1e-8
0.548	0.035	0.358	0.059
0.406	0.010	0.015	0.569
0.245	0.368	0.339	0.047
0.047	0.015	0.023	0.915
0.814	0.014	0.083	0.089
0.082	0.035	0.042	0.841
0.795	0.105	0.039	0.061
0.451	0.033	0.030	0.486
0.702	0.223	0.032	0.043
0.007	0.152	0.015	0.826
0.732	0.015	0.028	0.225
0.016	0.293	0.189	0.502
