>NNATGABGTCAT	5-NNATGABGTCAT,BestGuess:Atf2(bZIP)/3T3L1-Atf2-ChIP-Seq(GSE56872)/Homer(0.941)	6.754845	-374.115070	0	T:11180.0(14.01%),B:13671.6(10.89%),P:1e-162
0.279	0.227	0.235	0.260
0.278	0.229	0.302	0.191
0.498	0.256	0.194	0.053
0.072	0.001	0.050	0.877
0.003	0.012	0.725	0.260
0.746	0.001	0.007	0.246
0.168	0.250	0.328	0.254
0.198	0.238	0.403	0.161
0.007	0.005	0.048	0.940
0.244	0.699	0.052	0.005
0.967	0.001	0.001	0.031
0.028	0.224	0.248	0.500
