>AATGTTGCCAAA	14-AATGTTGCCAAA	9.096574	-58.413132	0	T:1262.0(1.58%),B:1457.2(1.16%),P:1e-25
0.794	0.069	0.061	0.076
0.824	0.047	0.054	0.075
0.072	0.023	0.041	0.864
0.062	0.057	0.821	0.060
0.072	0.055	0.052	0.821
0.029	0.019	0.069	0.883
0.055	0.071	0.741	0.133
0.058	0.834	0.072	0.036
0.075	0.841	0.012	0.072
0.934	0.016	0.013	0.037
0.789	0.072	0.086	0.053
0.855	0.023	0.070	0.052
