>CAGAGTCATTCC	16-CAGAGTCATTCC	9.963940	-43.587697	0	T:515.0(0.65%),B:530.7(0.42%),P:1e-18
0.068	0.789	0.094	0.049
0.895	0.037	0.036	0.032
0.066	0.080	0.832	0.022
0.854	0.049	0.030	0.067
0.023	0.075	0.849	0.053
0.059	0.074	0.107	0.760
0.049	0.858	0.060	0.033
0.787	0.118	0.017	0.078
0.029	0.098	0.041	0.832
0.033	0.109	0.037	0.821
0.038	0.853	0.040	0.069
0.063	0.873	0.018	0.046
