>ACTTCCTCTTTY	1-ACTTCCTCTTTY	8.883421	-1007.012821	0	T:6768.0(8.48%),B:5966.1(4.75%),P:1e-437	Tpos:100.0,Tstd:52.1,Bpos:100.4,Bstd:57.7,StrandBias:0.1,Multiplicity:1.07
0.699	0.042	0.208	0.051
0.004	0.744	0.207	0.045
0.001	0.001	0.001	0.997
0.001	0.001	0.001	0.997
0.001	0.997	0.001	0.001
0.001	0.854	0.001	0.144
0.029	0.295	0.082	0.594
0.039	0.787	0.062	0.112
0.247	0.090	0.001	0.662
0.059	0.055	0.040	0.846
0.122	0.092	0.044	0.742
0.121	0.316	0.165	0.398
>TGASTCABYNNN	2-TGASTCABYNNN	6.292946	-876.052458	0	T:17858.0(22.37%),B:20889.1(16.64%),P:1e-380	Tpos:100.0,Tstd:51.9,Bpos:99.4,Bstd:55.5,StrandBias:-0.0,Multiplicity:1.92
0.001	0.001	0.043	0.955
0.001	0.001	0.868	0.130
0.944	0.001	0.001	0.054
0.122	0.392	0.379	0.108
0.016	0.001	0.015	0.968
0.001	0.997	0.001	0.001
0.977	0.006	0.001	0.016
0.092	0.379	0.236	0.293
0.210	0.364	0.211	0.216
0.291	0.311	0.214	0.183
0.183	0.277	0.244	0.296
0.181	0.303	0.226	0.290
>TTGAGGAAGTGA	3-TTGAGGAAGTGA	5.166939	-559.862796	0	T:17358.0(21.75%),B:21533.8(17.15%),P:1e-243	Tpos:99.7,Tstd:54.7,Bpos:100.6,Bstd:58.6,StrandBias:0.0,Multiplicity:1.10
0.306	0.098	0.046	0.550
0.282	0.001	0.112	0.605
0.119	0.100	0.730	0.051
0.856	0.001	0.142	0.001
0.001	0.001	0.997	0.001
0.051	0.014	0.934	0.001
0.997	0.001	0.001	0.001
0.997	0.001	0.001	0.001
0.146	0.070	0.783	0.001
0.001	0.001	0.012	0.986
0.096	0.041	0.842	0.021
0.890	0.001	0.108	0.001
>NNNVVCAGCTGB	4-NNNVVCAGCTGB	7.905836	-446.730636	0	T:14963.0(18.75%),B:18672.7(14.87%),P:1e-194	Tpos:100.3,Tstd:53.8,Bpos:100.6,Bstd:58.2,StrandBias:-0.0,Multiplicity:1.13
0.231	0.260	0.269	0.240
0.283	0.257	0.257	0.203
0.255	0.229	0.276	0.240
0.329	0.275	0.259	0.137
0.373	0.367	0.259	0.001
0.001	0.997	0.001	0.001
0.997	0.001	0.001	0.001
0.045	0.001	0.605	0.349
0.001	0.997	0.001	0.001
0.001	0.001	0.001	0.997
0.001	0.001	0.997	0.001
0.001	0.278	0.371	0.350
>NNATGABGTCAT	5-NNATGABGTCAT	6.754845	-374.115070	0	T:11180.0(14.01%),B:13671.6(10.89%),P:1e-162	Tpos:99.2,Tstd:53.5,Bpos:100.8,Bstd:56.3,StrandBias:0.0,Multiplicity:1.09
0.279	0.227	0.235	0.260
0.278	0.229	0.302	0.191
0.498	0.256	0.194	0.053
0.072	0.001	0.050	0.877
0.003	0.012	0.725	0.260
0.746	0.001	0.007	0.246
0.168	0.250	0.328	0.254
0.198	0.238	0.403	0.161
0.007	0.005	0.048	0.940
0.244	0.699	0.052	0.005
0.967	0.001	0.001	0.031
0.028	0.224	0.248	0.500
>KATTGCACAAYH	6-KATTGCACAAYH	7.944503	-308.984258	0	T:4584.0(5.74%),B:4935.3(3.93%),P:1e-134	Tpos:100.9,Tstd:54.2,Bpos:100.1,Bstd:56.1,StrandBias:0.1,Multiplicity:1.04
0.140	0.151	0.292	0.417
0.549	0.224	0.226	0.001
0.001	0.001	0.001	0.997
0.001	0.001	0.001	0.997
0.221	0.001	0.530	0.248
0.001	0.997	0.001	0.001
0.625	0.076	0.001	0.298
0.210	0.567	0.001	0.222
0.997	0.001	0.001	0.001
0.997	0.001	0.001	0.001
0.001	0.566	0.001	0.432
0.389	0.303	0.001	0.307
>GTTTCACTTCCT	7-GTTTCACTTCCT	9.988295	-242.616728	0	T:2239.0(2.81%),B:2147.0(1.71%),P:1e-105	Tpos:100.0,Tstd:52.2,Bpos:103.2,Bstd:58.3,StrandBias:0.0,Multiplicity:1.02
0.057	0.342	0.591	0.010
0.001	0.001	0.001	0.997
0.051	0.023	0.041	0.885
0.008	0.059	0.035	0.898
0.040	0.876	0.016	0.068
0.909	0.007	0.001	0.083
0.009	0.645	0.198	0.148
0.025	0.001	0.001	0.973
0.002	0.051	0.001	0.946
0.001	0.784	0.048	0.167
0.019	0.896	0.001	0.084
0.058	0.343	0.001	0.598
>TTCCTGTTTTTG	8-TTCCTGTTTTTG	10.671697	-203.470121	0	T:1556.0(1.95%),B:1413.5(1.13%),P:1e-88	Tpos:99.8,Tstd:55.1,Bpos:100.1,Bstd:60.6,StrandBias:-0.1,Multiplicity:1.01
0.001	0.001	0.001	0.997
0.001	0.004	0.046	0.949
0.031	0.967	0.001	0.001
0.111	0.884	0.001	0.004
0.001	0.001	0.001	0.997
0.001	0.184	0.754	0.061
0.243	0.082	0.118	0.557
0.001	0.001	0.043	0.955
0.001	0.020	0.029	0.950
0.001	0.237	0.185	0.577
0.036	0.256	0.150	0.558
0.173	0.084	0.577	0.166
>GGAATTTCCCCA	9-GGAATTTCCCCA	6.416520	-173.983166	0	T:11577.0(14.50%),B:15448.3(12.31%),P:1e-75	Tpos:100.7,Tstd:54.5,Bpos:99.7,Bstd:58.6,StrandBias:-0.0,Multiplicity:1.07
0.189	0.057	0.688	0.066
0.120	0.067	0.770	0.043
0.663	0.081	0.223	0.033
0.731	0.112	0.101	0.056
0.188	0.190	0.066	0.556
0.046	0.049	0.087	0.818
0.053	0.062	0.046	0.839
0.047	0.722	0.068	0.163
0.050	0.698	0.049	0.203
0.118	0.617	0.049	0.216
0.320	0.566	0.060	0.054
0.702	0.125	0.051	0.122
>GAAAGCAGAAGT	10-GAAAGCAGAAGT	10.055008	-144.151347	0	T:1248.0(1.56%),B:1176.2(0.94%),P:1e-62	Tpos:98.2,Tstd:54.6,Bpos:100.1,Bstd:57.7,StrandBias:0.1,Multiplicity:1.03
0.265	0.045	0.449	0.240
0.768	0.008	0.056	0.168
0.936	0.001	0.062	0.001
0.889	0.001	0.028	0.082
0.105	0.040	0.854	0.001
0.016	0.964	0.001	0.019
0.966	0.004	0.001	0.029
0.111	0.001	0.887	0.001
0.926	0.038	0.017	0.019
0.954	0.001	0.044	0.001
0.030	0.082	0.860	0.028
0.001	0.193	0.050	0.756
>GGCTGGGGDGRG	11-GGCTGGGGDGRG	6.478602	-111.826213	0	T:22044.0(27.62%),B:31797.4(25.33%),P:1e-48	Tpos:99.7,Tstd:54.7,Bpos:99.9,Bstd:56.6,StrandBias:0.0,Multiplicity:1.26
0.242	0.051	0.653	0.054
0.034	0.268	0.468	0.230
0.046	0.562	0.343	0.049
0.061	0.074	0.163	0.702
0.023	0.015	0.672	0.290
0.031	0.018	0.887	0.064
0.076	0.042	0.842	0.040
0.181	0.230	0.391	0.198
0.245	0.013	0.349	0.393
0.052	0.042	0.849	0.057
0.296	0.008	0.425	0.271
0.061	0.044	0.837	0.058
>CTGGCCAGGACT	12-CTGGCCAGGACT	7.085777	-94.637009	0	T:8286.0(10.38%),B:11277.1(8.98%),P:1e-41	Tpos:101.1,Tstd:54.9,Bpos:100.3,Bstd:58.4,StrandBias:0.0,Multiplicity:1.05
0.067	0.735	0.097	0.101
0.100	0.050	0.067	0.783
0.072	0.048	0.781	0.099
0.075	0.101	0.753	0.071
0.068	0.774	0.081	0.077
0.100	0.785	0.035	0.080
0.782	0.053	0.053	0.112
0.106	0.041	0.792	0.061
0.097	0.105	0.728	0.070
0.655	0.131	0.127	0.087
0.126	0.698	0.093	0.083
0.111	0.092	0.057	0.740
>AGGCAGCCTGCC	13-AGGCAGCCTGCC	6.617910	-62.978852	0	T:9426.0(11.81%),B:13305.9(10.60%),P:1e-27	Tpos:100.9,Tstd:54.0,Bpos:100.4,Bstd:58.1,StrandBias:0.0,Multiplicity:1.08
0.550	0.036	0.182	0.232
0.053	0.169	0.731	0.047
0.205	0.216	0.533	0.046
0.181	0.552	0.175	0.092
0.604	0.143	0.032	0.221
0.045	0.051	0.707	0.197
0.149	0.594	0.212	0.045
0.179	0.619	0.041	0.161
0.197	0.108	0.142	0.553
0.039	0.064	0.674	0.223
0.153	0.539	0.257	0.051
0.059	0.708	0.177	0.056
>AATGTTGCCAAA	14-AATGTTGCCAAA	9.096574	-58.413132	0	T:1262.0(1.58%),B:1457.2(1.16%),P:1e-25	Tpos:101.1,Tstd:55.9,Bpos:102.9,Bstd:57.7,StrandBias:0.2,Multiplicity:1.01
0.794	0.069	0.061	0.076
0.824	0.047	0.054	0.075
0.072	0.023	0.041	0.864
0.062	0.057	0.821	0.060
0.072	0.055	0.052	0.821
0.029	0.019	0.069	0.883
0.055	0.071	0.741	0.133
0.058	0.834	0.072	0.036
0.075	0.841	0.012	0.072
0.934	0.016	0.013	0.037
0.789	0.072	0.086	0.053
0.855	0.023	0.070	0.052
>GATCCAGGCCAG	15-GATCCAGGCCAG	10.992049	-46.566304	0	T:44.0(0.06%),B:11.2(0.01%),P:1e-20	Tpos:114.7,Tstd:60.7,Bpos:95.6,Bstd:38.2,StrandBias:0.2,Multiplicity:1.00
0.001	0.001	0.892	0.106
0.997	0.001	0.001	0.001
0.001	0.001	0.001	0.997
0.001	0.997	0.001	0.001
0.001	0.997	0.001	0.001
0.997	0.001	0.001	0.001
0.001	0.014	0.915	0.070
0.001	0.001	0.960	0.038
0.001	0.997	0.001	0.001
0.001	0.997	0.001	0.001
0.984	0.014	0.001	0.001
0.001	0.001	0.997	0.001
>CAGAGTCATTCC	16-CAGAGTCATTCC	9.963940	-43.587697	0	T:515.0(0.65%),B:530.7(0.42%),P:1e-18	Tpos:102.0,Tstd:55.9,Bpos:99.3,Bstd:58.5,StrandBias:0.1,Multiplicity:1.03
0.068	0.789	0.094	0.049
0.895	0.037	0.036	0.032
0.066	0.080	0.832	0.022
0.854	0.049	0.030	0.067
0.023	0.075	0.849	0.053
0.059	0.074	0.107	0.760
0.049	0.858	0.060	0.033
0.787	0.118	0.017	0.078
0.029	0.098	0.041	0.832
0.033	0.109	0.037	0.821
0.038	0.853	0.040	0.069
0.063	0.873	0.018	0.046
>GTTTTCGTCTGC	17-GTTTTCGTCTGC	13.660843	-39.438190	0	T:26.0(0.03%),B:4.8(0.00%),P:1e-17	Tpos:109.7,Tstd:50.3,Bpos:121.1,Bstd:49.8,StrandBias:0.4,Multiplicity:1.00
0.001	0.136	0.862	0.001
0.001	0.001	0.001	0.997
0.001	0.001	0.136	0.862
0.001	0.001	0.001	0.997
0.001	0.001	0.001	0.997
0.001	0.997	0.001	0.001
0.001	0.177	0.821	0.001
0.001	0.001	0.001	0.997
0.001	0.862	0.136	0.001
0.136	0.001	0.001	0.862
0.136	0.001	0.727	0.136
0.001	0.997	0.001	0.001
>CTTTGCATCTGC	18-CTTTGCATCTGC	12.355432	-38.739533	0	T:20.0(0.03%),B:2.5(0.00%),P:1e-16	Tpos:92.9,Tstd:53.5,Bpos:166.2,Bstd:31.9,StrandBias:-1.5,Multiplicity:1.00
0.100	0.700	0.100	0.100
0.100	0.100	0.100	0.700
0.100	0.100	0.100	0.700
0.100	0.100	0.100	0.700
0.100	0.100	0.700	0.100
0.100	0.700	0.100	0.100
0.700	0.100	0.100	0.100
0.100	0.100	0.100	0.700
0.100	0.700	0.100	0.100
0.100	0.100	0.100	0.700
0.100	0.100	0.700	0.100
0.100	0.700	0.100	0.100
>TAGGGTGTCAGC	19-TAGGGTGTCAGC	10.874624	-38.671103	0	T:112.0(0.14%),B:70.4(0.06%),P:1e-16	Tpos:112.4,Tstd:53.7,Bpos:88.5,Bstd:53.0,StrandBias:0.0,Multiplicity:1.01
0.062	0.064	0.090	0.784
0.856	0.069	0.031	0.044
0.067	0.095	0.811	0.027
0.110	0.019	0.766	0.105
0.081	0.121	0.762	0.036
0.106	0.050	0.043	0.801
0.036	0.155	0.779	0.030
0.026	0.054	0.049	0.871
0.024	0.869	0.081	0.026
0.917	0.031	0.004	0.048
0.032	0.028	0.881	0.059
0.061	0.909	0.011	0.019
>AGAGCCGACACA	20-AGAGCCGACACA	13.969790	-36.390186	0	T:27.0(0.03%),B:5.7(0.00%),P:1e-15	Tpos:109.6,Tstd:54.8,Bpos:138.1,Bstd:33.7,StrandBias:0.7,Multiplicity:1.00
0.997	0.001	0.001	0.001
0.001	0.001	0.997	0.001
0.997	0.001	0.001	0.001
0.001	0.001	0.997	0.001
0.001	0.811	0.001	0.187
0.001	0.754	0.001	0.244
0.001	0.001	0.997	0.001
0.997	0.001	0.001	0.001
0.001	0.997	0.001	0.001
0.623	0.001	0.188	0.188
0.001	0.997	0.001	0.001
0.811	0.187	0.001	0.001
>CGCTCGGTAATT	21-CGCTCGGTAATT	10.409522	-26.574151	0	T:18.0(0.02%),B:3.8(0.00%),P:1e-11	Tpos:95.4,Tstd:54.0,Bpos:90.6,Bstd:29.8,StrandBias:0.2,Multiplicity:1.00
0.100	0.700	0.100	0.100
0.100	0.100	0.700	0.100
0.100	0.700	0.100	0.100
0.100	0.100	0.100	0.700
0.100	0.700	0.100	0.100
0.100	0.100	0.700	0.100
0.100	0.100	0.700	0.100
0.100	0.100	0.100	0.700
0.700	0.100	0.100	0.100
0.700	0.100	0.100	0.100
0.100	0.100	0.100	0.700
0.100	0.100	0.100	0.700
>ACCACAGCTCCT	22-ACCACAGCTCCT	12.355432	-22.650723	0	T:22.0(0.03%),B:6.1(0.00%),P:1e-9	Tpos:85.1,Tstd:55.3,Bpos:77.8,Bstd:46.0,StrandBias:-0.3,Multiplicity:1.00
0.700	0.100	0.100	0.100
0.100	0.700	0.100	0.100
0.100	0.700	0.100	0.100
0.700	0.100	0.100	0.100
0.100	0.700	0.100	0.100
0.700	0.100	0.100	0.100
0.100	0.100	0.700	0.100
0.100	0.700	0.100	0.100
0.100	0.100	0.100	0.700
0.100	0.700	0.100	0.100
0.100	0.700	0.100	0.100
0.100	0.100	0.100	0.700
>ATVTATAWATAT	23-ATVTATAWATAT	11.079900	-18.591869	0	T:65.0(0.08%),B:46.5(0.04%),P:1e-8	Tpos:87.1,Tstd:54.1,Bpos:119.5,Bstd:43.4,StrandBias:0.0,Multiplicity:1.12
0.548	0.035	0.358	0.059
0.406	0.010	0.015	0.569
0.245	0.368	0.339	0.047
0.047	0.015	0.023	0.915
0.814	0.014	0.083	0.089
0.082	0.035	0.042	0.841
0.795	0.105	0.039	0.061
0.451	0.033	0.030	0.486
0.702	0.223	0.032	0.043
0.007	0.152	0.015	0.826
0.732	0.015	0.028	0.225
0.016	0.293	0.189	0.502
>GGCTCTTGCTCT	24-GGCTCTTGCTCT	13.537062	-11.511269	0	T:77.0(0.10%),B:71.7(0.06%),P:1e-4	Tpos:101.0,Tstd:55.5,Bpos:95.7,Bstd:52.9,StrandBias:-1.4,Multiplicity:1.73
0.001	0.224	0.774	0.001
0.001	0.001	0.997	0.001
0.001	0.747	0.251	0.001
0.001	0.001	0.001	0.997
0.001	0.781	0.187	0.031
0.001	0.001	0.081	0.917
0.001	0.031	0.197	0.771
0.148	0.001	0.566	0.285
0.001	0.997	0.001	0.001
0.001	0.001	0.001	0.997
0.001	0.997	0.001	0.001
0.001	0.001	0.006	0.992
>TGGCTGCTGGCT	25-TGGCTGCTGGCT	11.831424	-7.459605	0	T:48.0(0.06%),B:45.6(0.04%),P:1e-3	Tpos:89.2,Tstd:46.2,Bpos:110.9,Bstd:60.9,StrandBias:0.5,Multiplicity:1.78
0.001	0.001	0.001	0.997
0.001	0.001	0.997	0.001
0.001	0.001	0.997	0.001
0.001	0.792	0.001	0.206
0.001	0.001	0.001	0.997
0.001	0.001	0.997	0.001
0.001	0.997	0.001	0.001
0.001	0.001	0.001	0.997
0.001	0.001	0.997	0.001
0.001	0.001	0.997	0.001
0.001	0.997	0.001	0.001
0.001	0.001	0.041	0.957
