>VTGASTCABN	1-VTGASTCABN	6.023010	-948.234577	0	T:16656.0(20.87%),B:18958.9(15.10%),P:1e-411	Tpos:100.3,Tstd:52.4,Bpos:99.3,Bstd:55.7,StrandBias:0.0,Multiplicity:1.12
0.323	0.255	0.304	0.118
0.048	0.076	0.036	0.840
0.041	0.026	0.739	0.194
0.859	0.062	0.022	0.057
0.066	0.425	0.444	0.065
0.040	0.001	0.044	0.915
0.233	0.680	0.046	0.041
0.904	0.001	0.033	0.062
0.120	0.289	0.226	0.365
0.233	0.345	0.197	0.224
>AWGRGGAAGT	2-AWGRGGAAGT	7.110829	-890.233812	0	T:13454.0(16.86%),B:14794.5(11.79%),P:1e-386	Tpos:99.7,Tstd:54.0,Bpos:100.2,Bstd:58.0,StrandBias:0.0,Multiplicity:1.13
0.596	0.083	0.076	0.245
0.386	0.066	0.074	0.473
0.300	0.093	0.530	0.077
0.390	0.161	0.380	0.070
0.094	0.034	0.820	0.052
0.069	0.038	0.892	0.001
0.986	0.001	0.012	0.001
0.924	0.034	0.013	0.029
0.167	0.277	0.498	0.059
0.011	0.195	0.029	0.765
>AAAGAGGAAG	3-AAAGAGGAAG	8.256738	-529.731982	0	T:3739.0(4.68%),B:3322.4(2.65%),P:1e-230	Tpos:99.4,Tstd:53.3,Bpos:101.4,Bstd:59.5,StrandBias:0.0,Multiplicity:1.02
0.969	0.001	0.001	0.029
0.997	0.001	0.001	0.001
0.950	0.001	0.001	0.048
0.001	0.177	0.821	0.001
0.892	0.001	0.106	0.001
0.001	0.001	0.997	0.001
0.001	0.001	0.997	0.001
0.997	0.001	0.001	0.001
0.997	0.001	0.001	0.001
0.001	0.216	0.782	0.001
>VAACAGCTGG	4-VAACAGCTGG	6.374045	-481.375942	0	T:12301.0(15.41%),B:14744.0(11.75%),P:1e-209	Tpos:100.2,Tstd:54.2,Bpos:100.3,Bstd:59.1,StrandBias:-0.0,Multiplicity:1.12
0.337	0.221	0.273	0.169
0.461	0.222	0.180	0.137
0.496	0.309	0.194	0.001
0.001	0.997	0.001	0.001
0.997	0.001	0.001	0.001
0.001	0.001	0.960	0.038
0.001	0.997	0.001	0.001
0.001	0.001	0.001	0.997
0.001	0.001	0.997	0.001
0.001	0.221	0.497	0.281
>NNTTRSGHAA	5-NNTTRSGHAA	5.845018	-336.094046	0	T:17553.0(21.99%),B:23065.2(18.37%),P:1e-145	Tpos:100.2,Tstd:55.0,Bpos:100.7,Bstd:58.2,StrandBias:-0.0,Multiplicity:1.15
0.258	0.254	0.241	0.247
0.309	0.194	0.287	0.210
0.001	0.023	0.001	0.975
0.001	0.001	0.001	0.997
0.276	0.127	0.379	0.218
0.162	0.352	0.310	0.176
0.195	0.255	0.433	0.116
0.278	0.363	0.106	0.254
0.975	0.023	0.001	0.001
0.924	0.001	0.074	0.001
>GATGACGTCA	6-GATGACGTCA	4.905976	-291.136723	0	T:18022.0(22.58%),B:24063.0(19.17%),P:1e-126	Tpos:99.8,Tstd:53.9,Bpos:100.3,Bstd:57.0,StrandBias:0.0,Multiplicity:1.14
0.144	0.105	0.642	0.109
0.674	0.114	0.116	0.096
0.093	0.077	0.077	0.753
0.080	0.096	0.675	0.149
0.762	0.075	0.071	0.092
0.083	0.689	0.113	0.115
0.129	0.118	0.660	0.093
0.086	0.091	0.087	0.736
0.149	0.663	0.097	0.091
0.747	0.086	0.060	0.107
>GGAAATTCCH	7-GGAAATTCCH	5.776768	-179.640653	0	T:16072.0(20.14%),B:22047.5(17.56%),P:1e-78	Tpos:100.8,Tstd:55.0,Bpos:100.1,Bstd:59.5,StrandBias:0.0,Multiplicity:1.10
0.168	0.100	0.674	0.058
0.189	0.104	0.648	0.059
0.785	0.030	0.106	0.079
0.756	0.106	0.104	0.034
0.582	0.059	0.048	0.311
0.088	0.085	0.040	0.787
0.105	0.191	0.015	0.689
0.107	0.891	0.001	0.001
0.013	0.881	0.075	0.031
0.213	0.342	0.102	0.343
>GAASTGAAAS	8-GAASTGAAAS	8.635899	-165.543757	0	T:1062.0(1.33%),B:912.7(0.73%),P:1e-71	Tpos:102.0,Tstd:54.4,Bpos:99.9,Bstd:59.3,StrandBias:-0.1,Multiplicity:1.00
0.001	0.001	0.997	0.001
0.997	0.001	0.001	0.001
0.997	0.001	0.001	0.001
0.011	0.475	0.513	0.001
0.001	0.001	0.001	0.997
0.001	0.001	0.997	0.001
0.997	0.001	0.001	0.001
0.997	0.001	0.001	0.001
0.997	0.001	0.001	0.001
0.001	0.500	0.498	0.001
>CCGAGCCAAG	9-CCGAGCCAAG	4.867850	-159.970041	0	T:26498.0(33.20%),B:38032.7(30.30%),P:1e-69	Tpos:99.4,Tstd:55.0,Bpos:100.0,Bstd:58.1,StrandBias:0.0,Multiplicity:1.20
0.094	0.695	0.106	0.105
0.127	0.700	0.089	0.084
0.118	0.107	0.656	0.119
0.661	0.091	0.121	0.127
0.075	0.070	0.767	0.088
0.107	0.695	0.097	0.101
0.111	0.715	0.076	0.098
0.698	0.116	0.075	0.111
0.713	0.081	0.119	0.087
0.109	0.096	0.698	0.097
>CCCTAGGGAA	10-CCCTAGGGAA	7.000772	-145.157488	0	T:10408.0(13.04%),B:13962.7(11.12%),P:1e-63	Tpos:99.3,Tstd:55.3,Bpos:99.1,Bstd:58.6,StrandBias:-0.0,Multiplicity:1.05
0.002	0.785	0.195	0.018
0.012	0.693	0.128	0.167
0.015	0.881	0.011	0.093
0.185	0.201	0.092	0.522
0.416	0.134	0.195	0.256
0.016	0.019	0.955	0.010
0.205	0.016	0.770	0.009
0.007	0.167	0.819	0.007
0.755	0.002	0.003	0.240
0.464	0.216	0.225	0.095
>GGCWGGCTGC	11-GGCWGGCTGC	5.691047	-106.869086	0	T:9892.0(12.39%),B:13535.0(10.78%),P:1e-46	Tpos:99.5,Tstd:54.6,Bpos:101.6,Bstd:58.0,StrandBias:0.0,Multiplicity:1.07
0.125	0.234	0.489	0.153
0.009	0.253	0.539	0.199
0.313	0.531	0.149	0.007
0.422	0.162	0.108	0.307
0.014	0.237	0.488	0.261
0.227	0.224	0.423	0.127
0.209	0.663	0.117	0.011
0.278	0.010	0.272	0.440
0.124	0.271	0.590	0.015
0.015	0.696	0.010	0.279
>ACTTCTGCTT	12-ACTTCTGCTT	9.890191	-96.974299	0	T:610.0(0.76%),B:522.8(0.42%),P:1e-42	Tpos:99.7,Tstd:55.4,Bpos:100.1,Bstd:57.2,StrandBias:0.0,Multiplicity:1.07
0.789	0.001	0.209	0.001
0.001	0.997	0.001	0.001
0.001	0.001	0.001	0.997
0.001	0.001	0.001	0.997
0.001	0.997	0.001	0.001
0.001	0.001	0.001	0.997
0.061	0.001	0.937	0.001
0.001	0.997	0.001	0.001
0.001	0.001	0.026	0.972
0.001	0.001	0.001	0.997
>CHRGSCTGGS	13-CHRGSCTGGS	6.216556	-93.802815	0	T:22156.0(27.76%),B:32213.8(25.66%),P:1e-40	Tpos:100.1,Tstd:55.0,Bpos:99.8,Bstd:58.4,StrandBias:0.0,Multiplicity:1.27
0.097	0.582	0.320	0.001
0.259	0.400	0.001	0.340
0.323	0.146	0.352	0.180
0.001	0.300	0.698	0.001
0.001	0.435	0.563	0.001
0.082	0.654	0.263	0.001
0.332	0.001	0.001	0.666
0.090	0.001	0.785	0.124
0.242	0.219	0.393	0.146
0.001	0.459	0.539	0.001
>AACACATTCC	14-AACACATTCC	8.739176	-91.328689	0	T:1550.0(1.94%),B:1711.0(1.36%),P:1e-39	Tpos:97.2,Tstd:55.9,Bpos:101.6,Bstd:58.5,StrandBias:-0.0,Multiplicity:1.01
0.820	0.071	0.021	0.088
0.574	0.095	0.001	0.330
0.267	0.641	0.001	0.091
0.713	0.001	0.285	0.001
0.001	0.997	0.001	0.001
0.830	0.001	0.102	0.067
0.001	0.058	0.041	0.900
0.001	0.001	0.122	0.876
0.001	0.997	0.001	0.001
0.001	0.934	0.064	0.001
>KCTADAAATA	15-KCTADAAATA	8.242068	-89.699396	0	T:3620.0(4.54%),B:4560.9(3.63%),P:1e-38	Tpos:100.7,Tstd:55.1,Bpos:98.2,Bstd:56.9,StrandBias:0.0,Multiplicity:1.04
0.104	0.147	0.387	0.362
0.001	0.651	0.001	0.347
0.001	0.337	0.001	0.661
0.680	0.001	0.001	0.318
0.367	0.108	0.244	0.282
0.726	0.088	0.001	0.185
0.997	0.001	0.001	0.001
0.869	0.001	0.001	0.129
0.001	0.001	0.001	0.997
0.789	0.001	0.209	0.001
>ATTGCAACAT	16-ATTGCAACAT	9.090229	-76.850534	0	T:1003.0(1.26%),B:1050.9(0.84%),P:1e-33	Tpos:102.4,Tstd:55.1,Bpos:102.1,Bstd:56.2,StrandBias:-0.0,Multiplicity:1.01
0.947	0.037	0.001	0.015
0.021	0.027	0.013	0.939
0.047	0.007	0.001	0.945
0.028	0.001	0.917	0.054
0.030	0.945	0.001	0.024
0.909	0.083	0.007	0.001
0.855	0.061	0.026	0.058
0.001	0.952	0.033	0.014
0.997	0.001	0.001	0.001
0.001	0.273	0.022	0.704
>CHCCACCCGC	17-CHCCACCCGC	8.851898	-61.676434	0	T:3186.0(3.99%),B:4126.4(3.29%),P:1e-26	Tpos:100.7,Tstd:55.3,Bpos:100.0,Bstd:55.8,StrandBias:0.0,Multiplicity:1.12
0.079	0.919	0.001	0.001
0.308	0.318	0.081	0.292
0.203	0.690	0.001	0.106
0.001	0.997	0.001	0.001
0.841	0.001	0.156	0.002
0.001	0.936	0.062	0.001
0.009	0.816	0.001	0.174
0.001	0.730	0.268	0.001
0.001	0.137	0.621	0.241
0.001	0.997	0.001	0.001
>AATGACGCGG	18-AATGACGCGG	6.986332	-56.218782	0	T:2360.0(2.96%),B:2988.5(2.38%),P:1e-24	Tpos:99.0,Tstd:55.0,Bpos:101.2,Bstd:57.8,StrandBias:0.0,Multiplicity:1.02
0.800	0.064	0.076	0.060
0.822	0.061	0.068	0.049
0.046	0.029	0.062	0.863
0.047	0.074	0.836	0.043
0.853	0.065	0.044	0.038
0.073	0.773	0.077	0.077
0.115	0.128	0.713	0.044
0.114	0.766	0.083	0.037
0.090	0.030	0.765	0.115
0.030	0.075	0.811	0.084
>AACCCGACTG	19-AACCCGACTG	10.296193	-41.803648	0	T:17.0(0.02%),B:1.9(0.00%),P:1e-18	Tpos:104.3,Tstd:62.4,Bpos:53.0,Bstd:31.8,StrandBias:1.0,Multiplicity:1.00
0.700	0.100	0.100	0.100
0.700	0.100	0.100	0.100
0.100	0.700	0.100	0.100
0.100	0.700	0.100	0.100
0.100	0.700	0.100	0.100
0.100	0.100	0.700	0.100
0.700	0.100	0.100	0.100
0.100	0.700	0.100	0.100
0.100	0.100	0.100	0.700
0.100	0.100	0.700	0.100
>CCACAAGTCG	20-CCACAAGTCG	11.419799	-30.071323	0	T:24.0(0.03%),B:5.2(0.00%),P:1e-13	Tpos:106.5,Tstd:51.3,Bpos:104.4,Bstd:63.2,StrandBias:1.4,Multiplicity:1.00
0.001	0.997	0.001	0.001
0.001	0.899	0.001	0.099
0.997	0.001	0.001	0.001
0.001	0.899	0.001	0.099
0.997	0.001	0.001	0.001
0.997	0.001	0.001	0.001
0.001	0.001	0.997	0.001
0.001	0.001	0.001	0.997
0.001	0.997	0.001	0.001
0.001	0.001	0.997	0.001
>TCCGGCTATT	21-TCCGGCTATT	10.296193	-24.323328	0	T:17.0(0.02%),B:3.5(0.00%),P:1e-10	Tpos:122.5,Tstd:59.4,Bpos:54.7,Bstd:41.1,StrandBias:0.4,Multiplicity:1.00
0.100	0.100	0.100	0.700
0.100	0.700	0.100	0.100
0.100	0.700	0.100	0.100
0.100	0.100	0.700	0.100
0.100	0.100	0.700	0.100
0.100	0.700	0.100	0.100
0.100	0.100	0.100	0.700
0.700	0.100	0.100	0.100
0.100	0.100	0.100	0.700
0.100	0.100	0.100	0.700
>CTGCGATGAA	22-CTGCGATGAA	10.296193	-19.174162	0	T:20.0(0.03%),B:6.7(0.01%),P:1e-8	Tpos:77.8,Tstd:52.9,Bpos:106.4,Bstd:21.5,StrandBias:1.1,Multiplicity:1.00
0.100	0.700	0.100	0.100
0.100	0.100	0.100	0.700
0.100	0.100	0.700	0.100
0.100	0.700	0.100	0.100
0.100	0.100	0.700	0.100
0.700	0.100	0.100	0.100
0.100	0.100	0.100	0.700
0.100	0.100	0.700	0.100
0.700	0.100	0.100	0.100
0.700	0.100	0.100	0.100
>GCCTCGTGAT	23-GCCTCGTGAT	10.296193	-16.460347	0	T:24.0(0.03%),B:10.4(0.01%),P:1e-7	Tpos:77.5,Tstd:56.2,Bpos:50.3,Bstd:16.8,StrandBias:0.6,Multiplicity:1.00
0.100	0.100	0.700	0.100
0.100	0.700	0.100	0.100
0.100	0.700	0.100	0.100
0.100	0.100	0.100	0.700
0.100	0.700	0.100	0.100
0.100	0.100	0.700	0.100
0.100	0.100	0.100	0.700
0.100	0.100	0.700	0.100
0.700	0.100	0.100	0.100
0.100	0.100	0.100	0.700
>TGGGTACCGC	24-TGGGTACCGC	10.296193	-13.511224	0	T:15.0(0.02%),B:5.5(0.00%),P:1e-5	Tpos:96.5,Tstd:48.4,Bpos:82.8,Bstd:21.2,StrandBias:0.8,Multiplicity:1.00
0.100	0.100	0.100	0.700
0.100	0.100	0.700	0.100
0.100	0.100	0.700	0.100
0.100	0.100	0.700	0.100
0.100	0.100	0.100	0.700
0.700	0.100	0.100	0.100
0.100	0.700	0.100	0.100
0.100	0.700	0.100	0.100
0.100	0.100	0.700	0.100
0.100	0.700	0.100	0.100
>TATATATATA	25-TATATATATA	10.296193	-7.248101	0	T:59.0(0.07%),B:59.6(0.05%),P:1e-3	Tpos:89.3,Tstd:55.0,Bpos:116.6,Bstd:45.2,StrandBias:0.0,Multiplicity:1.12
0.100	0.100	0.100	0.700
0.700	0.100	0.100	0.100
0.100	0.100	0.100	0.700
0.700	0.100	0.100	0.100
0.100	0.100	0.100	0.700
0.700	0.100	0.100	0.100
0.100	0.100	0.100	0.700
0.700	0.100	0.100	0.100
0.100	0.100	0.100	0.700
0.700	0.100	0.100	0.100
