>VTGASTCABN	1-VTGASTCABN	6.023010	-948.234577	0	T:16656.0(20.87%),B:18958.9(15.10%),P:1e-411	Tpos:100.3,Tstd:52.4,Bpos:99.3,Bstd:55.7,StrandBias:0.0,Multiplicity:1.12
0.323	0.255	0.304	0.118
0.048	0.076	0.036	0.840
0.041	0.026	0.739	0.194
0.859	0.062	0.022	0.057
0.066	0.425	0.444	0.065
0.040	0.001	0.044	0.915
0.233	0.680	0.046	0.041
0.904	0.001	0.033	0.062
0.120	0.289	0.226	0.365
0.233	0.345	0.197	0.224
>AWGRGGAAGT	2-AWGRGGAAGT	7.110829	-890.233812	0	T:13454.0(16.86%),B:14794.5(11.79%),P:1e-386	Tpos:99.7,Tstd:54.0,Bpos:100.2,Bstd:58.0,StrandBias:0.0,Multiplicity:1.13
0.596	0.083	0.076	0.245
0.386	0.066	0.074	0.473
0.300	0.093	0.530	0.077
0.390	0.161	0.380	0.070
0.094	0.034	0.820	0.052
0.069	0.038	0.892	0.001
0.986	0.001	0.012	0.001
0.924	0.034	0.013	0.029
0.167	0.277	0.498	0.059
0.011	0.195	0.029	0.765
>AAAGAGGAAG	3-AAAGAGGAAG	8.256738	-529.731982	0	T:3739.0(4.68%),B:3322.4(2.65%),P:1e-230	Tpos:99.4,Tstd:53.3,Bpos:101.4,Bstd:59.5,StrandBias:0.0,Multiplicity:1.02
0.969	0.001	0.001	0.029
0.997	0.001	0.001	0.001
0.950	0.001	0.001	0.048
0.001	0.177	0.821	0.001
0.892	0.001	0.106	0.001
0.001	0.001	0.997	0.001
0.001	0.001	0.997	0.001
0.997	0.001	0.001	0.001
0.997	0.001	0.001	0.001
0.001	0.216	0.782	0.001
>VAACAGCTGG	4-VAACAGCTGG	6.374045	-481.375942	0	T:12301.0(15.41%),B:14744.0(11.75%),P:1e-209	Tpos:100.2,Tstd:54.2,Bpos:100.3,Bstd:59.1,StrandBias:-0.0,Multiplicity:1.12
0.337	0.221	0.273	0.169
0.461	0.222	0.180	0.137
0.496	0.309	0.194	0.001
0.001	0.997	0.001	0.001
0.997	0.001	0.001	0.001
0.001	0.001	0.960	0.038
0.001	0.997	0.001	0.001
0.001	0.001	0.001	0.997
0.001	0.001	0.997	0.001
0.001	0.221	0.497	0.281
>NNTTRSGHAA	5-NNTTRSGHAA	5.845018	-336.094046	0	T:17553.0(21.99%),B:23065.2(18.37%),P:1e-145	Tpos:100.2,Tstd:55.0,Bpos:100.7,Bstd:58.2,StrandBias:-0.0,Multiplicity:1.15
0.258	0.254	0.241	0.247
0.309	0.194	0.287	0.210
0.001	0.023	0.001	0.975
0.001	0.001	0.001	0.997
0.276	0.127	0.379	0.218
0.162	0.352	0.310	0.176
0.195	0.255	0.433	0.116
0.278	0.363	0.106	0.254
0.975	0.023	0.001	0.001
0.924	0.001	0.074	0.001
>GATGACGTCA	6-GATGACGTCA	4.905976	-291.136723	0	T:18022.0(22.58%),B:24063.0(19.17%),P:1e-126	Tpos:99.8,Tstd:53.9,Bpos:100.3,Bstd:57.0,StrandBias:0.0,Multiplicity:1.14
0.144	0.105	0.642	0.109
0.674	0.114	0.116	0.096
0.093	0.077	0.077	0.753
0.080	0.096	0.675	0.149
0.762	0.075	0.071	0.092
0.083	0.689	0.113	0.115
0.129	0.118	0.660	0.093
0.086	0.091	0.087	0.736
0.149	0.663	0.097	0.091
0.747	0.086	0.060	0.107
>GGAAATTCCH	7-GGAAATTCCH	5.776768	-179.640653	0	T:16072.0(20.14%),B:22047.5(17.56%),P:1e-78	Tpos:100.8,Tstd:55.0,Bpos:100.1,Bstd:59.5,StrandBias:0.0,Multiplicity:1.10
0.168	0.100	0.674	0.058
0.189	0.104	0.648	0.059
0.785	0.030	0.106	0.079
0.756	0.106	0.104	0.034
0.582	0.059	0.048	0.311
0.088	0.085	0.040	0.787
0.105	0.191	0.015	0.689
0.107	0.891	0.001	0.001
0.013	0.881	0.075	0.031
0.213	0.342	0.102	0.343
>GAASTGAAAS	8-GAASTGAAAS	8.635899	-165.543757	0	T:1062.0(1.33%),B:912.7(0.73%),P:1e-71	Tpos:102.0,Tstd:54.4,Bpos:99.9,Bstd:59.3,StrandBias:-0.1,Multiplicity:1.00
0.001	0.001	0.997	0.001
0.997	0.001	0.001	0.001
0.997	0.001	0.001	0.001
0.011	0.475	0.513	0.001
0.001	0.001	0.001	0.997
0.001	0.001	0.997	0.001
0.997	0.001	0.001	0.001
0.997	0.001	0.001	0.001
0.997	0.001	0.001	0.001
0.001	0.500	0.498	0.001
>CCGAGCCAAG	9-CCGAGCCAAG	4.867850	-159.970041	0	T:26498.0(33.20%),B:38032.7(30.30%),P:1e-69	Tpos:99.4,Tstd:55.0,Bpos:100.0,Bstd:58.1,StrandBias:0.0,Multiplicity:1.20
0.094	0.695	0.106	0.105
0.127	0.700	0.089	0.084
0.118	0.107	0.656	0.119
0.661	0.091	0.121	0.127
0.075	0.070	0.767	0.088
0.107	0.695	0.097	0.101
0.111	0.715	0.076	0.098
0.698	0.116	0.075	0.111
0.713	0.081	0.119	0.087
0.109	0.096	0.698	0.097
>CCCTAGGGAA	10-CCCTAGGGAA	7.000772	-145.157488	0	T:10408.0(13.04%),B:13962.7(11.12%),P:1e-63	Tpos:99.3,Tstd:55.3,Bpos:99.1,Bstd:58.6,StrandBias:-0.0,Multiplicity:1.05
0.002	0.785	0.195	0.018
0.012	0.693	0.128	0.167
0.015	0.881	0.011	0.093
0.185	0.201	0.092	0.522
0.416	0.134	0.195	0.256
0.016	0.019	0.955	0.010
0.205	0.016	0.770	0.009
0.007	0.167	0.819	0.007
0.755	0.002	0.003	0.240
0.464	0.216	0.225	0.095
>GGCWGGCTGC	11-GGCWGGCTGC	5.691047	-106.869086	0	T:9892.0(12.39%),B:13535.0(10.78%),P:1e-46	Tpos:99.5,Tstd:54.6,Bpos:101.6,Bstd:58.0,StrandBias:0.0,Multiplicity:1.07
0.125	0.234	0.489	0.153
0.009	0.253	0.539	0.199
0.313	0.531	0.149	0.007
0.422	0.162	0.108	0.307
0.014	0.237	0.488	0.261
0.227	0.224	0.423	0.127
0.209	0.663	0.117	0.011
0.278	0.010	0.272	0.440
0.124	0.271	0.590	0.015
0.015	0.696	0.010	0.279
>ACTTCTGCTT	12-ACTTCTGCTT	9.890191	-96.974299	0	T:610.0(0.76%),B:522.8(0.42%),P:1e-42	Tpos:99.7,Tstd:55.4,Bpos:100.1,Bstd:57.2,StrandBias:0.0,Multiplicity:1.07
0.789	0.001	0.209	0.001
0.001	0.997	0.001	0.001
0.001	0.001	0.001	0.997
0.001	0.001	0.001	0.997
0.001	0.997	0.001	0.001
0.001	0.001	0.001	0.997
0.061	0.001	0.937	0.001
0.001	0.997	0.001	0.001
0.001	0.001	0.026	0.972
0.001	0.001	0.001	0.997
>CHRGSCTGGS	13-CHRGSCTGGS	6.216556	-93.802815	0	T:22156.0(27.76%),B:32213.8(25.66%),P:1e-40	Tpos:100.1,Tstd:55.0,Bpos:99.8,Bstd:58.4,StrandBias:0.0,Multiplicity:1.27
0.097	0.582	0.320	0.001
0.259	0.400	0.001	0.340
0.323	0.146	0.352	0.180
0.001	0.300	0.698	0.001
0.001	0.435	0.563	0.001
0.082	0.654	0.263	0.001
0.332	0.001	0.001	0.666
0.090	0.001	0.785	0.124
0.242	0.219	0.393	0.146
0.001	0.459	0.539	0.001
>AACACATTCC	14-AACACATTCC	8.739176	-91.328689	0	T:1550.0(1.94%),B:1711.0(1.36%),P:1e-39	Tpos:97.2,Tstd:55.9,Bpos:101.6,Bstd:58.5,StrandBias:-0.0,Multiplicity:1.01
0.820	0.071	0.021	0.088
0.574	0.095	0.001	0.330
0.267	0.641	0.001	0.091
0.713	0.001	0.285	0.001
0.001	0.997	0.001	0.001
0.830	0.001	0.102	0.067
0.001	0.058	0.041	0.900
0.001	0.001	0.122	0.876
0.001	0.997	0.001	0.001
0.001	0.934	0.064	0.001
>KCTADAAATA	15-KCTADAAATA	8.242068	-89.699396	0	T:3620.0(4.54%),B:4560.9(3.63%),P:1e-38	Tpos:100.7,Tstd:55.1,Bpos:98.2,Bstd:56.9,StrandBias:0.0,Multiplicity:1.04
0.104	0.147	0.387	0.362
0.001	0.651	0.001	0.347
0.001	0.337	0.001	0.661
0.680	0.001	0.001	0.318
0.367	0.108	0.244	0.282
0.726	0.088	0.001	0.185
0.997	0.001	0.001	0.001
0.869	0.001	0.001	0.129
0.001	0.001	0.001	0.997
0.789	0.001	0.209	0.001
>ATTGCAACAT	16-ATTGCAACAT	9.090229	-76.850534	0	T:1003.0(1.26%),B:1050.9(0.84%),P:1e-33	Tpos:102.4,Tstd:55.1,Bpos:102.1,Bstd:56.2,StrandBias:-0.0,Multiplicity:1.01
0.947	0.037	0.001	0.015
0.021	0.027	0.013	0.939
0.047	0.007	0.001	0.945
0.028	0.001	0.917	0.054
0.030	0.945	0.001	0.024
0.909	0.083	0.007	0.001
0.855	0.061	0.026	0.058
0.001	0.952	0.033	0.014
0.997	0.001	0.001	0.001
0.001	0.273	0.022	0.704
>CHCCACCCGC	17-CHCCACCCGC	8.851898	-61.676434	0	T:3186.0(3.99%),B:4126.4(3.29%),P:1e-26	Tpos:100.7,Tstd:55.3,Bpos:100.0,Bstd:55.8,StrandBias:0.0,Multiplicity:1.12
0.079	0.919	0.001	0.001
0.308	0.318	0.081	0.292
0.203	0.690	0.001	0.106
0.001	0.997	0.001	0.001
0.841	0.001	0.156	0.002
0.001	0.936	0.062	0.001
0.009	0.816	0.001	0.174
0.001	0.730	0.268	0.001
0.001	0.137	0.621	0.241
0.001	0.997	0.001	0.001
>AATGACGCGG	18-AATGACGCGG	6.986332	-56.218782	0	T:2360.0(2.96%),B:2988.5(2.38%),P:1e-24	Tpos:99.0,Tstd:55.0,Bpos:101.2,Bstd:57.8,StrandBias:0.0,Multiplicity:1.02
0.800	0.064	0.076	0.060
0.822	0.061	0.068	0.049
0.046	0.029	0.062	0.863
0.047	0.074	0.836	0.043
0.853	0.065	0.044	0.038
0.073	0.773	0.077	0.077
0.115	0.128	0.713	0.044
0.114	0.766	0.083	0.037
0.090	0.030	0.765	0.115
0.030	0.075	0.811	0.084
>AACCCGACTG	19-AACCCGACTG	10.296193	-41.803648	0	T:17.0(0.02%),B:1.9(0.00%),P:1e-18	Tpos:104.3,Tstd:62.4,Bpos:53.0,Bstd:31.8,StrandBias:1.0,Multiplicity:1.00
0.700	0.100	0.100	0.100
0.700	0.100	0.100	0.100
0.100	0.700	0.100	0.100
0.100	0.700	0.100	0.100
0.100	0.700	0.100	0.100
0.100	0.100	0.700	0.100
0.700	0.100	0.100	0.100
0.100	0.700	0.100	0.100
0.100	0.100	0.100	0.700
0.100	0.100	0.700	0.100
>CCACAAGTCG	20-CCACAAGTCG	11.419799	-30.071323	0	T:24.0(0.03%),B:5.2(0.00%),P:1e-13	Tpos:106.5,Tstd:51.3,Bpos:104.4,Bstd:63.2,StrandBias:1.4,Multiplicity:1.00
0.001	0.997	0.001	0.001
0.001	0.899	0.001	0.099
0.997	0.001	0.001	0.001
0.001	0.899	0.001	0.099
0.997	0.001	0.001	0.001
0.997	0.001	0.001	0.001
0.001	0.001	0.997	0.001
0.001	0.001	0.001	0.997
0.001	0.997	0.001	0.001
0.001	0.001	0.997	0.001
>TCCGGCTATT	21-TCCGGCTATT	10.296193	-24.323328	0	T:17.0(0.02%),B:3.5(0.00%),P:1e-10	Tpos:122.5,Tstd:59.4,Bpos:54.7,Bstd:41.1,StrandBias:0.4,Multiplicity:1.00
0.100	0.100	0.100	0.700
0.100	0.700	0.100	0.100
0.100	0.700	0.100	0.100
0.100	0.100	0.700	0.100
0.100	0.100	0.700	0.100
0.100	0.700	0.100	0.100
0.100	0.100	0.100	0.700
0.700	0.100	0.100	0.100
0.100	0.100	0.100	0.700
0.100	0.100	0.100	0.700
>CTGCGATGAA	22-CTGCGATGAA	10.296193	-19.174162	0	T:20.0(0.03%),B:6.7(0.01%),P:1e-8	Tpos:77.8,Tstd:52.9,Bpos:106.4,Bstd:21.5,StrandBias:1.1,Multiplicity:1.00
0.100	0.700	0.100	0.100
0.100	0.100	0.100	0.700
0.100	0.100	0.700	0.100
0.100	0.700	0.100	0.100
0.100	0.100	0.700	0.100
0.700	0.100	0.100	0.100
0.100	0.100	0.100	0.700
0.100	0.100	0.700	0.100
0.700	0.100	0.100	0.100
0.700	0.100	0.100	0.100
>GCCTCGTGAT	23-GCCTCGTGAT	10.296193	-16.460347	0	T:24.0(0.03%),B:10.4(0.01%),P:1e-7	Tpos:77.5,Tstd:56.2,Bpos:50.3,Bstd:16.8,StrandBias:0.6,Multiplicity:1.00
0.100	0.100	0.700	0.100
0.100	0.700	0.100	0.100
0.100	0.700	0.100	0.100
0.100	0.100	0.100	0.700
0.100	0.700	0.100	0.100
0.100	0.100	0.700	0.100
0.100	0.100	0.100	0.700
0.100	0.100	0.700	0.100
0.700	0.100	0.100	0.100
0.100	0.100	0.100	0.700
>TGGGTACCGC	24-TGGGTACCGC	10.296193	-13.511224	0	T:15.0(0.02%),B:5.5(0.00%),P:1e-5	Tpos:96.5,Tstd:48.4,Bpos:82.8,Bstd:21.2,StrandBias:0.8,Multiplicity:1.00
0.100	0.100	0.100	0.700
0.100	0.100	0.700	0.100
0.100	0.100	0.700	0.100
0.100	0.100	0.700	0.100
0.100	0.100	0.100	0.700
0.700	0.100	0.100	0.100
0.100	0.700	0.100	0.100
0.100	0.700	0.100	0.100
0.100	0.100	0.700	0.100
0.100	0.700	0.100	0.100
>TATATATATA	25-TATATATATA	10.296193	-7.248101	0	T:59.0(0.07%),B:59.6(0.05%),P:1e-3	Tpos:89.3,Tstd:55.0,Bpos:116.6,Bstd:45.2,StrandBias:0.0,Multiplicity:1.12
0.100	0.100	0.100	0.700
0.700	0.100	0.100	0.100
0.100	0.100	0.100	0.700
0.700	0.100	0.100	0.100
0.100	0.100	0.100	0.700
0.700	0.100	0.100	0.100
0.100	0.100	0.100	0.700
0.700	0.100	0.100	0.100
0.100	0.100	0.100	0.700
0.700	0.100	0.100	0.100
>ACTTCCTCTTTY	1-ACTTCCTCTTTY	8.883421	-1007.012821	0	T:6768.0(8.48%),B:5966.1(4.75%),P:1e-437	Tpos:100.0,Tstd:52.1,Bpos:100.4,Bstd:57.7,StrandBias:0.1,Multiplicity:1.07
0.699	0.042	0.208	0.051
0.004	0.744	0.207	0.045
0.001	0.001	0.001	0.997
0.001	0.001	0.001	0.997
0.001	0.997	0.001	0.001
0.001	0.854	0.001	0.144
0.029	0.295	0.082	0.594
0.039	0.787	0.062	0.112
0.247	0.090	0.001	0.662
0.059	0.055	0.040	0.846
0.122	0.092	0.044	0.742
0.121	0.316	0.165	0.398
>TGASTCABYNNN	2-TGASTCABYNNN	6.292946	-876.052458	0	T:17858.0(22.37%),B:20889.1(16.64%),P:1e-380	Tpos:100.0,Tstd:51.9,Bpos:99.4,Bstd:55.5,StrandBias:-0.0,Multiplicity:1.92
0.001	0.001	0.043	0.955
0.001	0.001	0.868	0.130
0.944	0.001	0.001	0.054
0.122	0.392	0.379	0.108
0.016	0.001	0.015	0.968
0.001	0.997	0.001	0.001
0.977	0.006	0.001	0.016
0.092	0.379	0.236	0.293
0.210	0.364	0.211	0.216
0.291	0.311	0.214	0.183
0.183	0.277	0.244	0.296
0.181	0.303	0.226	0.290
>TTGAGGAAGTGA	3-TTGAGGAAGTGA	5.166939	-559.862796	0	T:17358.0(21.75%),B:21533.8(17.15%),P:1e-243	Tpos:99.7,Tstd:54.7,Bpos:100.6,Bstd:58.6,StrandBias:0.0,Multiplicity:1.10
0.306	0.098	0.046	0.550
0.282	0.001	0.112	0.605
0.119	0.100	0.730	0.051
0.856	0.001	0.142	0.001
0.001	0.001	0.997	0.001
0.051	0.014	0.934	0.001
0.997	0.001	0.001	0.001
0.997	0.001	0.001	0.001
0.146	0.070	0.783	0.001
0.001	0.001	0.012	0.986
0.096	0.041	0.842	0.021
0.890	0.001	0.108	0.001
>NNNVVCAGCTGB	4-NNNVVCAGCTGB	7.905836	-446.730636	0	T:14963.0(18.75%),B:18672.7(14.87%),P:1e-194	Tpos:100.3,Tstd:53.8,Bpos:100.6,Bstd:58.2,StrandBias:-0.0,Multiplicity:1.13
0.231	0.260	0.269	0.240
0.283	0.257	0.257	0.203
0.255	0.229	0.276	0.240
0.329	0.275	0.259	0.137
0.373	0.367	0.259	0.001
0.001	0.997	0.001	0.001
0.997	0.001	0.001	0.001
0.045	0.001	0.605	0.349
0.001	0.997	0.001	0.001
0.001	0.001	0.001	0.997
0.001	0.001	0.997	0.001
0.001	0.278	0.371	0.350
>NNATGABGTCAT	5-NNATGABGTCAT	6.754845	-374.115070	0	T:11180.0(14.01%),B:13671.6(10.89%),P:1e-162	Tpos:99.2,Tstd:53.5,Bpos:100.8,Bstd:56.3,StrandBias:0.0,Multiplicity:1.09
0.279	0.227	0.235	0.260
0.278	0.229	0.302	0.191
0.498	0.256	0.194	0.053
0.072	0.001	0.050	0.877
0.003	0.012	0.725	0.260
0.746	0.001	0.007	0.246
0.168	0.250	0.328	0.254
0.198	0.238	0.403	0.161
0.007	0.005	0.048	0.940
0.244	0.699	0.052	0.005
0.967	0.001	0.001	0.031
0.028	0.224	0.248	0.500
>KATTGCACAAYH	6-KATTGCACAAYH	7.944503	-308.984258	0	T:4584.0(5.74%),B:4935.3(3.93%),P:1e-134	Tpos:100.9,Tstd:54.2,Bpos:100.1,Bstd:56.1,StrandBias:0.1,Multiplicity:1.04
0.140	0.151	0.292	0.417
0.549	0.224	0.226	0.001
0.001	0.001	0.001	0.997
0.001	0.001	0.001	0.997
0.221	0.001	0.530	0.248
0.001	0.997	0.001	0.001
0.625	0.076	0.001	0.298
0.210	0.567	0.001	0.222
0.997	0.001	0.001	0.001
0.997	0.001	0.001	0.001
0.001	0.566	0.001	0.432
0.389	0.303	0.001	0.307
>GTTTCACTTCCT	7-GTTTCACTTCCT	9.988295	-242.616728	0	T:2239.0(2.81%),B:2147.0(1.71%),P:1e-105	Tpos:100.0,Tstd:52.2,Bpos:103.2,Bstd:58.3,StrandBias:0.0,Multiplicity:1.02
0.057	0.342	0.591	0.010
0.001	0.001	0.001	0.997
0.051	0.023	0.041	0.885
0.008	0.059	0.035	0.898
0.040	0.876	0.016	0.068
0.909	0.007	0.001	0.083
0.009	0.645	0.198	0.148
0.025	0.001	0.001	0.973
0.002	0.051	0.001	0.946
0.001	0.784	0.048	0.167
0.019	0.896	0.001	0.084
0.058	0.343	0.001	0.598
>TTCCTGTTTTTG	8-TTCCTGTTTTTG	10.671697	-203.470121	0	T:1556.0(1.95%),B:1413.5(1.13%),P:1e-88	Tpos:99.8,Tstd:55.1,Bpos:100.1,Bstd:60.6,StrandBias:-0.1,Multiplicity:1.01
0.001	0.001	0.001	0.997
0.001	0.004	0.046	0.949
0.031	0.967	0.001	0.001
0.111	0.884	0.001	0.004
0.001	0.001	0.001	0.997
0.001	0.184	0.754	0.061
0.243	0.082	0.118	0.557
0.001	0.001	0.043	0.955
0.001	0.020	0.029	0.950
0.001	0.237	0.185	0.577
0.036	0.256	0.150	0.558
0.173	0.084	0.577	0.166
>GGAATTTCCCCA	9-GGAATTTCCCCA	6.416520	-173.983166	0	T:11577.0(14.50%),B:15448.3(12.31%),P:1e-75	Tpos:100.7,Tstd:54.5,Bpos:99.7,Bstd:58.6,StrandBias:-0.0,Multiplicity:1.07
0.189	0.057	0.688	0.066
0.120	0.067	0.770	0.043
0.663	0.081	0.223	0.033
0.731	0.112	0.101	0.056
0.188	0.190	0.066	0.556
0.046	0.049	0.087	0.818
0.053	0.062	0.046	0.839
0.047	0.722	0.068	0.163
0.050	0.698	0.049	0.203
0.118	0.617	0.049	0.216
0.320	0.566	0.060	0.054
0.702	0.125	0.051	0.122
>GAAAGCAGAAGT	10-GAAAGCAGAAGT	10.055008	-144.151347	0	T:1248.0(1.56%),B:1176.2(0.94%),P:1e-62	Tpos:98.2,Tstd:54.6,Bpos:100.1,Bstd:57.7,StrandBias:0.1,Multiplicity:1.03
0.265	0.045	0.449	0.240
0.768	0.008	0.056	0.168
0.936	0.001	0.062	0.001
0.889	0.001	0.028	0.082
0.105	0.040	0.854	0.001
0.016	0.964	0.001	0.019
0.966	0.004	0.001	0.029
0.111	0.001	0.887	0.001
0.926	0.038	0.017	0.019
0.954	0.001	0.044	0.001
0.030	0.082	0.860	0.028
0.001	0.193	0.050	0.756
>GGCTGGGGDGRG	11-GGCTGGGGDGRG	6.478602	-111.826213	0	T:22044.0(27.62%),B:31797.4(25.33%),P:1e-48	Tpos:99.7,Tstd:54.7,Bpos:99.9,Bstd:56.6,StrandBias:0.0,Multiplicity:1.26
0.242	0.051	0.653	0.054
0.034	0.268	0.468	0.230
0.046	0.562	0.343	0.049
0.061	0.074	0.163	0.702
0.023	0.015	0.672	0.290
0.031	0.018	0.887	0.064
0.076	0.042	0.842	0.040
0.181	0.230	0.391	0.198
0.245	0.013	0.349	0.393
0.052	0.042	0.849	0.057
0.296	0.008	0.425	0.271
0.061	0.044	0.837	0.058
>CTGGCCAGGACT	12-CTGGCCAGGACT	7.085777	-94.637009	0	T:8286.0(10.38%),B:11277.1(8.98%),P:1e-41	Tpos:101.1,Tstd:54.9,Bpos:100.3,Bstd:58.4,StrandBias:0.0,Multiplicity:1.05
0.067	0.735	0.097	0.101
0.100	0.050	0.067	0.783
0.072	0.048	0.781	0.099
0.075	0.101	0.753	0.071
0.068	0.774	0.081	0.077
0.100	0.785	0.035	0.080
0.782	0.053	0.053	0.112
0.106	0.041	0.792	0.061
0.097	0.105	0.728	0.070
0.655	0.131	0.127	0.087
0.126	0.698	0.093	0.083
0.111	0.092	0.057	0.740
>AGGCAGCCTGCC	13-AGGCAGCCTGCC	6.617910	-62.978852	0	T:9426.0(11.81%),B:13305.9(10.60%),P:1e-27	Tpos:100.9,Tstd:54.0,Bpos:100.4,Bstd:58.1,StrandBias:0.0,Multiplicity:1.08
0.550	0.036	0.182	0.232
0.053	0.169	0.731	0.047
0.205	0.216	0.533	0.046
0.181	0.552	0.175	0.092
0.604	0.143	0.032	0.221
0.045	0.051	0.707	0.197
0.149	0.594	0.212	0.045
0.179	0.619	0.041	0.161
0.197	0.108	0.142	0.553
0.039	0.064	0.674	0.223
0.153	0.539	0.257	0.051
0.059	0.708	0.177	0.056
>AATGTTGCCAAA	14-AATGTTGCCAAA	9.096574	-58.413132	0	T:1262.0(1.58%),B:1457.2(1.16%),P:1e-25	Tpos:101.1,Tstd:55.9,Bpos:102.9,Bstd:57.7,StrandBias:0.2,Multiplicity:1.01
0.794	0.069	0.061	0.076
0.824	0.047	0.054	0.075
0.072	0.023	0.041	0.864
0.062	0.057	0.821	0.060
0.072	0.055	0.052	0.821
0.029	0.019	0.069	0.883
0.055	0.071	0.741	0.133
0.058	0.834	0.072	0.036
0.075	0.841	0.012	0.072
0.934	0.016	0.013	0.037
0.789	0.072	0.086	0.053
0.855	0.023	0.070	0.052
>GATCCAGGCCAG	15-GATCCAGGCCAG	10.992049	-46.566304	0	T:44.0(0.06%),B:11.2(0.01%),P:1e-20	Tpos:114.7,Tstd:60.7,Bpos:95.6,Bstd:38.2,StrandBias:0.2,Multiplicity:1.00
0.001	0.001	0.892	0.106
0.997	0.001	0.001	0.001
0.001	0.001	0.001	0.997
0.001	0.997	0.001	0.001
0.001	0.997	0.001	0.001
0.997	0.001	0.001	0.001
0.001	0.014	0.915	0.070
0.001	0.001	0.960	0.038
0.001	0.997	0.001	0.001
0.001	0.997	0.001	0.001
0.984	0.014	0.001	0.001
0.001	0.001	0.997	0.001
>CAGAGTCATTCC	16-CAGAGTCATTCC	9.963940	-43.587697	0	T:515.0(0.65%),B:530.7(0.42%),P:1e-18	Tpos:102.0,Tstd:55.9,Bpos:99.3,Bstd:58.5,StrandBias:0.1,Multiplicity:1.03
0.068	0.789	0.094	0.049
0.895	0.037	0.036	0.032
0.066	0.080	0.832	0.022
0.854	0.049	0.030	0.067
0.023	0.075	0.849	0.053
0.059	0.074	0.107	0.760
0.049	0.858	0.060	0.033
0.787	0.118	0.017	0.078
0.029	0.098	0.041	0.832
0.033	0.109	0.037	0.821
0.038	0.853	0.040	0.069
0.063	0.873	0.018	0.046
>GTTTTCGTCTGC	17-GTTTTCGTCTGC	13.660843	-39.438190	0	T:26.0(0.03%),B:4.8(0.00%),P:1e-17	Tpos:109.7,Tstd:50.3,Bpos:121.1,Bstd:49.8,StrandBias:0.4,Multiplicity:1.00
0.001	0.136	0.862	0.001
0.001	0.001	0.001	0.997
0.001	0.001	0.136	0.862
0.001	0.001	0.001	0.997
0.001	0.001	0.001	0.997
0.001	0.997	0.001	0.001
0.001	0.177	0.821	0.001
0.001	0.001	0.001	0.997
0.001	0.862	0.136	0.001
0.136	0.001	0.001	0.862
0.136	0.001	0.727	0.136
0.001	0.997	0.001	0.001
>CTTTGCATCTGC	18-CTTTGCATCTGC	12.355432	-38.739533	0	T:20.0(0.03%),B:2.5(0.00%),P:1e-16	Tpos:92.9,Tstd:53.5,Bpos:166.2,Bstd:31.9,StrandBias:-1.5,Multiplicity:1.00
0.100	0.700	0.100	0.100
0.100	0.100	0.100	0.700
0.100	0.100	0.100	0.700
0.100	0.100	0.100	0.700
0.100	0.100	0.700	0.100
0.100	0.700	0.100	0.100
0.700	0.100	0.100	0.100
0.100	0.100	0.100	0.700
0.100	0.700	0.100	0.100
0.100	0.100	0.100	0.700
0.100	0.100	0.700	0.100
0.100	0.700	0.100	0.100
>TAGGGTGTCAGC	19-TAGGGTGTCAGC	10.874624	-38.671103	0	T:112.0(0.14%),B:70.4(0.06%),P:1e-16	Tpos:112.4,Tstd:53.7,Bpos:88.5,Bstd:53.0,StrandBias:0.0,Multiplicity:1.01
0.062	0.064	0.090	0.784
0.856	0.069	0.031	0.044
0.067	0.095	0.811	0.027
0.110	0.019	0.766	0.105
0.081	0.121	0.762	0.036
0.106	0.050	0.043	0.801
0.036	0.155	0.779	0.030
0.026	0.054	0.049	0.871
0.024	0.869	0.081	0.026
0.917	0.031	0.004	0.048
0.032	0.028	0.881	0.059
0.061	0.909	0.011	0.019
>AGAGCCGACACA	20-AGAGCCGACACA	13.969790	-36.390186	0	T:27.0(0.03%),B:5.7(0.00%),P:1e-15	Tpos:109.6,Tstd:54.8,Bpos:138.1,Bstd:33.7,StrandBias:0.7,Multiplicity:1.00
0.997	0.001	0.001	0.001
0.001	0.001	0.997	0.001
0.997	0.001	0.001	0.001
0.001	0.001	0.997	0.001
0.001	0.811	0.001	0.187
0.001	0.754	0.001	0.244
0.001	0.001	0.997	0.001
0.997	0.001	0.001	0.001
0.001	0.997	0.001	0.001
0.623	0.001	0.188	0.188
0.001	0.997	0.001	0.001
0.811	0.187	0.001	0.001
>CGCTCGGTAATT	21-CGCTCGGTAATT	10.409522	-26.574151	0	T:18.0(0.02%),B:3.8(0.00%),P:1e-11	Tpos:95.4,Tstd:54.0,Bpos:90.6,Bstd:29.8,StrandBias:0.2,Multiplicity:1.00
0.100	0.700	0.100	0.100
0.100	0.100	0.700	0.100
0.100	0.700	0.100	0.100
0.100	0.100	0.100	0.700
0.100	0.700	0.100	0.100
0.100	0.100	0.700	0.100
0.100	0.100	0.700	0.100
0.100	0.100	0.100	0.700
0.700	0.100	0.100	0.100
0.700	0.100	0.100	0.100
0.100	0.100	0.100	0.700
0.100	0.100	0.100	0.700
>ACCACAGCTCCT	22-ACCACAGCTCCT	12.355432	-22.650723	0	T:22.0(0.03%),B:6.1(0.00%),P:1e-9	Tpos:85.1,Tstd:55.3,Bpos:77.8,Bstd:46.0,StrandBias:-0.3,Multiplicity:1.00
0.700	0.100	0.100	0.100
0.100	0.700	0.100	0.100
0.100	0.700	0.100	0.100
0.700	0.100	0.100	0.100
0.100	0.700	0.100	0.100
0.700	0.100	0.100	0.100
0.100	0.100	0.700	0.100
0.100	0.700	0.100	0.100
0.100	0.100	0.100	0.700
0.100	0.700	0.100	0.100
0.100	0.700	0.100	0.100
0.100	0.100	0.100	0.700
>ATVTATAWATAT	23-ATVTATAWATAT	11.079900	-18.591869	0	T:65.0(0.08%),B:46.5(0.04%),P:1e-8	Tpos:87.1,Tstd:54.1,Bpos:119.5,Bstd:43.4,StrandBias:0.0,Multiplicity:1.12
0.548	0.035	0.358	0.059
0.406	0.010	0.015	0.569
0.245	0.368	0.339	0.047
0.047	0.015	0.023	0.915
0.814	0.014	0.083	0.089
0.082	0.035	0.042	0.841
0.795	0.105	0.039	0.061
0.451	0.033	0.030	0.486
0.702	0.223	0.032	0.043
0.007	0.152	0.015	0.826
0.732	0.015	0.028	0.225
0.016	0.293	0.189	0.502
>GGCTCTTGCTCT	24-GGCTCTTGCTCT	13.537062	-11.511269	0	T:77.0(0.10%),B:71.7(0.06%),P:1e-4	Tpos:101.0,Tstd:55.5,Bpos:95.7,Bstd:52.9,StrandBias:-1.4,Multiplicity:1.73
0.001	0.224	0.774	0.001
0.001	0.001	0.997	0.001
0.001	0.747	0.251	0.001
0.001	0.001	0.001	0.997
0.001	0.781	0.187	0.031
0.001	0.001	0.081	0.917
0.001	0.031	0.197	0.771
0.148	0.001	0.566	0.285
0.001	0.997	0.001	0.001
0.001	0.001	0.001	0.997
0.001	0.997	0.001	0.001
0.001	0.001	0.006	0.992
>TGGCTGCTGGCT	25-TGGCTGCTGGCT	11.831424	-7.459605	0	T:48.0(0.06%),B:45.6(0.04%),P:1e-3	Tpos:89.2,Tstd:46.2,Bpos:110.9,Bstd:60.9,StrandBias:0.5,Multiplicity:1.78
0.001	0.001	0.001	0.997
0.001	0.001	0.997	0.001
0.001	0.001	0.997	0.001
0.001	0.792	0.001	0.206
0.001	0.001	0.001	0.997
0.001	0.001	0.997	0.001
0.001	0.997	0.001	0.001
0.001	0.001	0.001	0.997
0.001	0.001	0.997	0.001
0.001	0.001	0.997	0.001
0.001	0.997	0.001	0.001
0.001	0.001	0.041	0.957
>VTGACTCA	1-VTGACTCA	6.369630	-912.296696	0	T:17767.0(22.26%),B:20626.7(16.43%),P:1e-396	Tpos:100.2,Tstd:52.8,Bpos:99.4,Bstd:56.3,StrandBias:0.0,Multiplicity:1.14
0.336	0.244	0.356	0.064
0.002	0.045	0.003	0.950
0.018	0.007	0.854	0.121
0.930	0.028	0.022	0.020
0.036	0.566	0.339	0.059
0.028	0.015	0.113	0.844
0.183	0.780	0.013	0.024
0.970	0.003	0.016	0.011
>ACTTCCTC	2-ACTTCCTC	6.837030	-683.557541	0	T:18077.0(22.65%),B:21986.3(17.51%),P:1e-296	Tpos:100.1,Tstd:54.1,Bpos:100.4,Bstd:59.1,StrandBias:0.0,Multiplicity:1.17
0.767	0.040	0.178	0.015
0.044	0.623	0.122	0.211
0.058	0.053	0.022	0.867
0.030	0.040	0.025	0.905
0.035	0.889	0.026	0.050
0.103	0.801	0.026	0.070
0.013	0.355	0.051	0.581
0.052	0.568	0.150	0.230
>RTGACKCG	3-RTGACKCG	5.025854	-551.605189	0	T:29147.0(36.52%),B:38938.2(31.02%),P:1e-239	Tpos:100.4,Tstd:55.8,Bpos:99.7,Bstd:57.9,StrandBias:-0.0,Multiplicity:1.15
0.427	0.160	0.377	0.036
0.038	0.008	0.073	0.881
0.084	0.188	0.674	0.054
0.816	0.101	0.034	0.049
0.013	0.916	0.019	0.052
0.130	0.175	0.390	0.306
0.219	0.571	0.023	0.187
0.245	0.001	0.567	0.187
>AAGAGGAA	4-AAGAGGAA	7.600291	-481.991085	0	T:12739.0(15.96%),B:15353.4(12.23%),P:1e-209	Tpos:98.8,Tstd:55.0,Bpos:100.1,Bstd:60.3,StrandBias:0.0,Multiplicity:1.07
0.925	0.073	0.001	0.001
0.930	0.001	0.001	0.068
0.001	0.302	0.696	0.001
0.877	0.001	0.121	0.001
0.001	0.019	0.979	0.001
0.001	0.001	0.997	0.001
0.997	0.001	0.001	0.001
0.997	0.001	0.001	0.001
>CAGCTGBN	5-CAGCTGBN	5.828864	-354.932735	0	T:16799.0(21.05%),B:21842.3(17.40%),P:1e-154	Tpos:100.3,Tstd:54.8,Bpos:100.2,Bstd:59.8,StrandBias:0.0,Multiplicity:1.15
0.014	0.952	0.013	0.021
0.899	0.020	0.051	0.030
0.009	0.009	0.901	0.081
0.066	0.898	0.015	0.021
0.062	0.060	0.058	0.820
0.008	0.019	0.919	0.054
0.005	0.282	0.388	0.325
0.185	0.198	0.331	0.285
>TKACCTMA	6-TKACCTMA	7.077432	-306.996190	0	T:12650.0(15.85%),B:16121.5(12.84%),P:1e-133	Tpos:99.1,Tstd:54.9,Bpos:100.8,Bstd:56.6,StrandBias:0.0,Multiplicity:1.09
0.001	0.001	0.001	0.997
0.001	0.001	0.461	0.537
0.997	0.001	0.001	0.001
0.001	0.708	0.001	0.290
0.286	0.568	0.145	0.001
0.273	0.001	0.001	0.725
0.565	0.433	0.001	0.001
0.997	0.001	0.001	0.001
>TTTGGCAA	7-TTTGGCAA	5.324323	-260.211817	0	T:23951.0(30.01%),B:33171.1(26.42%),P:1e-113	Tpos:100.1,Tstd:55.7,Bpos:100.4,Bstd:59.2,StrandBias:0.0,Multiplicity:1.21
0.025	0.139	0.029	0.807
0.028	0.093	0.075	0.804
0.117	0.059	0.174	0.650
0.097	0.215	0.498	0.190
0.075	0.139	0.758	0.028
0.080	0.755	0.096	0.069
0.864	0.066	0.020	0.050
0.865	0.029	0.070	0.036
>ATTACGTC	8-ATTACGTC	4.926189	-224.376610	0	T:14798.0(18.54%),B:19795.4(15.77%),P:1e-97	Tpos:99.5,Tstd:56.3,Bpos:99.5,Bstd:57.7,StrandBias:-0.0,Multiplicity:1.08
0.861	0.082	0.030	0.027
0.155	0.083	0.066	0.696
0.100	0.120	0.163	0.617
0.778	0.069	0.035	0.118
0.059	0.700	0.100	0.141
0.097	0.043	0.759	0.101
0.071	0.059	0.074	0.796
0.080	0.798	0.048	0.074
>NGGGAAAT	9-NGGGAAAT	6.384041	-212.682756	0	T:19723.0(24.71%),B:27217.0(21.68%),P:1e-92	Tpos:99.7,Tstd:55.5,Bpos:99.7,Bstd:59.4,StrandBias:0.0,Multiplicity:1.11
0.278	0.291	0.242	0.190
0.375	0.001	0.623	0.001
0.095	0.001	0.759	0.145
0.001	0.001	0.905	0.093
0.851	0.001	0.001	0.147
0.927	0.071	0.001	0.001
0.773	0.225	0.001	0.001
0.001	0.375	0.001	0.623
>CGGCCAAG	10-CGGCCAAG	6.162232	-170.710773	0	T:16552.0(20.74%),B:22844.1(18.20%),P:1e-74	Tpos:98.4,Tstd:55.9,Bpos:100.3,Bstd:59.0,StrandBias:-0.0,Multiplicity:1.07
0.123	0.718	0.090	0.069
0.312	0.001	0.482	0.205
0.001	0.015	0.983	0.001
0.001	0.955	0.025	0.019
0.001	0.997	0.001	0.001
0.997	0.001	0.001	0.001
0.997	0.001	0.001	0.001
0.115	0.025	0.859	0.001
>GGAATGTT	11-GGAATGTT	5.573849	-162.419882	0	T:18579.0(23.28%),B:25965.6(20.68%),P:1e-70	Tpos:99.9,Tstd:56.2,Bpos:100.0,Bstd:59.8,StrandBias:0.0,Multiplicity:1.13
0.113	0.090	0.781	0.016
0.059	0.032	0.818	0.091
0.808	0.058	0.120	0.014
0.818	0.088	0.048	0.046
0.055	0.084	0.098	0.763
0.090	0.042	0.695	0.173
0.056	0.224	0.023	0.697
0.089	0.134	0.153	0.624
>AGGAAACA	12-AGGAAACA	5.512760	-138.508830	0	T:22317.0(27.96%),B:31887.8(25.40%),P:1e-60	Tpos:99.9,Tstd:56.8,Bpos:100.4,Bstd:59.2,StrandBias:0.0,Multiplicity:1.10
0.541	0.082	0.149	0.228
0.001	0.099	0.899	0.001
0.036	0.001	0.750	0.213
0.961	0.001	0.037	0.001
0.887	0.001	0.001	0.111
0.997	0.001	0.001	0.001
0.001	0.876	0.001	0.122
0.908	0.001	0.007	0.084
>GGGTGGGG	13-GGGTGGGG	8.232194	-122.563774	0	T:10718.0(13.43%),B:14611.0(11.64%),P:1e-53	Tpos:99.6,Tstd:55.7,Bpos:100.0,Bstd:57.9,StrandBias:-0.0,Multiplicity:1.23
0.001	0.001	0.997	0.001
0.001	0.020	0.978	0.001
0.001	0.037	0.961	0.001
0.110	0.001	0.001	0.888
0.001	0.001	0.997	0.001
0.001	0.001	0.947	0.051
0.289	0.001	0.670	0.040
0.109	0.001	0.889	0.001
>CCRTCTGG	14-CCRTCTGG	6.253543	-115.489175	0	T:4493.0(5.63%),B:5637.6(4.49%),P:1e-50	Tpos:101.6,Tstd:54.8,Bpos:99.8,Bstd:58.5,StrandBias:-0.0,Multiplicity:1.03
0.028	0.970	0.001	0.001
0.001	0.787	0.211	0.001
0.521	0.001	0.477	0.001
0.001	0.001	0.001	0.997
0.001	0.718	0.001	0.280
0.001	0.001	0.001	0.997
0.001	0.001	0.997	0.001
0.001	0.027	0.971	0.001
>AAWCCACG	15-AAWCCACG	5.284173	-105.355590	0	T:8645.0(10.83%),B:11709.9(9.33%),P:1e-45	Tpos:99.3,Tstd:55.9,Bpos:100.1,Bstd:57.6,StrandBias:0.0,Multiplicity:1.06
0.520	0.323	0.021	0.136
0.536	0.047	0.040	0.377
0.377	0.218	0.078	0.327
0.297	0.462	0.189	0.052
0.020	0.573	0.022	0.385
0.750	0.001	0.178	0.071
0.027	0.887	0.029	0.057
0.171	0.001	0.651	0.177
>GGCCTGGC	16-GGCCTGGC	5.276144	-99.381760	0	T:33194.0(41.59%),B:49189.5(39.19%),P:1e-43	Tpos:100.7,Tstd:55.4,Bpos:99.9,Bstd:58.4,StrandBias:0.0,Multiplicity:1.49
0.212	0.069	0.649	0.070
0.031	0.137	0.756	0.076
0.012	0.811	0.110	0.067
0.019	0.718	0.042	0.221
0.161	0.083	0.096	0.660
0.057	0.043	0.860	0.040
0.032	0.079	0.851	0.038
0.074	0.699	0.193	0.034
>TTCCCAGA	17-TTCCCAGA	7.130269	-77.164462	0	T:7267.0(9.10%),B:9939.4(7.92%),P:1e-33	Tpos:99.9,Tstd:56.0,Bpos:101.3,Bstd:59.8,StrandBias:0.0,Multiplicity:1.04
0.001	0.001	0.001	0.997
0.001	0.189	0.001	0.809
0.001	0.997	0.001	0.001
0.001	0.997	0.001	0.001
0.114	0.884	0.001	0.001
0.964	0.034	0.001	0.001
0.001	0.001	0.903	0.095
0.876	0.001	0.001	0.122
>KTCTGCGT	18-KTCTGCGT	6.506854	-77.039713	0	T:5867.0(7.35%),B:7885.4(6.28%),P:1e-33	Tpos:100.2,Tstd:55.5,Bpos:100.6,Bstd:58.7,StrandBias:-0.0,Multiplicity:1.05
0.072	0.037	0.460	0.432
0.108	0.124	0.242	0.526
0.210	0.655	0.092	0.043
0.295	0.001	0.001	0.703
0.020	0.001	0.802	0.177
0.001	0.997	0.001	0.001
0.001	0.001	0.730	0.268
0.001	0.001	0.286	0.712
>CGAGCCAG	19-CGAGCCAG	6.527062	-72.356093	0	T:12825.0(16.07%),B:18302.8(14.58%),P:1e-31	Tpos:100.7,Tstd:55.8,Bpos:101.5,Bstd:59.2,StrandBias:0.0,Multiplicity:1.10
0.109	0.792	0.063	0.036
0.001	0.152	0.780	0.067
0.765	0.001	0.214	0.020
0.023	0.001	0.975	0.001
0.001	0.922	0.076	0.001
0.032	0.945	0.022	0.001
0.962	0.001	0.001	0.036
0.001	0.070	0.902	0.027
>TTACDCNR	20-TTACDCNR	5.496957	-68.021839	0	T:1525.0(1.91%),B:1770.9(1.41%),P:1e-29	Tpos:101.8,Tstd:57.0,Bpos:99.7,Bstd:58.3,StrandBias:0.1,Multiplicity:1.01
0.113	0.001	0.001	0.885
0.019	0.001	0.351	0.629
0.663	0.162	0.174	0.001
0.332	0.643	0.024	0.001
0.239	0.198	0.351	0.213
0.233	0.495	0.272	0.001
0.342	0.196	0.264	0.198
0.435	0.241	0.303	0.021
>CTAATWWT	21-CTAATWWT	5.875372	-67.504691	0	T:12204.0(15.29%),B:17428.0(13.88%),P:1e-29	Tpos:100.0,Tstd:57.3,Bpos:99.2,Bstd:57.6,StrandBias:0.0,Multiplicity:1.09
0.140	0.511	0.336	0.013
0.279	0.007	0.095	0.619
0.868	0.075	0.040	0.017
0.617	0.023	0.029	0.331
0.060	0.067	0.017	0.856
0.436	0.032	0.023	0.509
0.406	0.206	0.075	0.312
0.032	0.143	0.032	0.793
>AAAACAGC	22-AAAACAGC	6.527781	-66.895045	0	T:5122.0(6.42%),B:6885.4(5.49%),P:1e-29	Tpos:100.0,Tstd:56.2,Bpos:100.7,Bstd:60.2,StrandBias:-0.1,Multiplicity:1.03
0.540	0.001	0.334	0.125
0.997	0.001	0.001	0.001
0.997	0.001	0.001	0.001
0.913	0.001	0.001	0.085
0.001	0.997	0.001	0.001
0.997	0.001	0.001	0.001
0.001	0.001	0.997	0.001
0.001	0.997	0.001	0.001
>ACAATAGC	23-ACAATAGC	8.494304	-48.747198	0	T:1683.0(2.11%),B:2082.4(1.66%),P:1e-21	Tpos:100.3,Tstd:57.2,Bpos:104.1,Bstd:57.0,StrandBias:0.1,Multiplicity:1.01
0.997	0.001	0.001	0.001
0.183	0.684	0.001	0.132
0.887	0.001	0.111	0.001
0.997	0.001	0.001	0.001
0.001	0.001	0.001	0.997
0.997	0.001	0.001	0.001
0.001	0.001	0.997	0.001
0.001	0.997	0.001	0.001
>TAGGGAAG	24-TAGGGAAG	8.236954	-39.663973	0	T:1148.0(1.44%),B:1389.1(1.11%),P:1e-17	Tpos:104.2,Tstd:56.7,Bpos:101.0,Bstd:59.4,StrandBias:0.0,Multiplicity:1.01
0.100	0.100	0.100	0.700
0.700	0.100	0.100	0.100
0.100	0.100	0.700	0.100
0.100	0.100	0.700	0.100
0.100	0.100	0.700	0.100
0.700	0.100	0.100	0.100
0.700	0.100	0.100	0.100
0.100	0.100	0.700	0.100
>TATATATA	25-TATATATA	8.236954	-4.131549	0	T:207.0(0.26%),B:279.1(0.22%),P:1e-1	Tpos:94.2,Tstd:55.8,Bpos:106.8,Bstd:50.0,StrandBias:0.0,Multiplicity:1.08
0.100	0.100	0.100	0.700
0.700	0.100	0.100	0.100
0.100	0.100	0.100	0.700
0.700	0.100	0.100	0.100
0.100	0.100	0.100	0.700
0.700	0.100	0.100	0.100
0.100	0.100	0.100	0.700
0.700	0.100	0.100	0.100
