>VTGACTCA	1-VTGACTCA	6.369630	-912.296696	0	T:17767.0(22.26%),B:20626.7(16.43%),P:1e-396	Tpos:100.2,Tstd:52.8,Bpos:99.4,Bstd:56.3,StrandBias:0.0,Multiplicity:1.14
0.336	0.244	0.356	0.064
0.002	0.045	0.003	0.950
0.018	0.007	0.854	0.121
0.930	0.028	0.022	0.020
0.036	0.566	0.339	0.059
0.028	0.015	0.113	0.844
0.183	0.780	0.013	0.024
0.970	0.003	0.016	0.011
>ACTTCCTC	2-ACTTCCTC	6.837030	-683.557541	0	T:18077.0(22.65%),B:21986.3(17.51%),P:1e-296	Tpos:100.1,Tstd:54.1,Bpos:100.4,Bstd:59.1,StrandBias:0.0,Multiplicity:1.17
0.767	0.040	0.178	0.015
0.044	0.623	0.122	0.211
0.058	0.053	0.022	0.867
0.030	0.040	0.025	0.905
0.035	0.889	0.026	0.050
0.103	0.801	0.026	0.070
0.013	0.355	0.051	0.581
0.052	0.568	0.150	0.230
>RTGACKCG	3-RTGACKCG	5.025854	-551.605189	0	T:29147.0(36.52%),B:38938.2(31.02%),P:1e-239	Tpos:100.4,Tstd:55.8,Bpos:99.7,Bstd:57.9,StrandBias:-0.0,Multiplicity:1.15
0.427	0.160	0.377	0.036
0.038	0.008	0.073	0.881
0.084	0.188	0.674	0.054
0.816	0.101	0.034	0.049
0.013	0.916	0.019	0.052
0.130	0.175	0.390	0.306
0.219	0.571	0.023	0.187
0.245	0.001	0.567	0.187
>AAGAGGAA	4-AAGAGGAA	7.600291	-481.991085	0	T:12739.0(15.96%),B:15353.4(12.23%),P:1e-209	Tpos:98.8,Tstd:55.0,Bpos:100.1,Bstd:60.3,StrandBias:0.0,Multiplicity:1.07
0.925	0.073	0.001	0.001
0.930	0.001	0.001	0.068
0.001	0.302	0.696	0.001
0.877	0.001	0.121	0.001
0.001	0.019	0.979	0.001
0.001	0.001	0.997	0.001
0.997	0.001	0.001	0.001
0.997	0.001	0.001	0.001
>CAGCTGBN	5-CAGCTGBN	5.828864	-354.932735	0	T:16799.0(21.05%),B:21842.3(17.40%),P:1e-154	Tpos:100.3,Tstd:54.8,Bpos:100.2,Bstd:59.8,StrandBias:0.0,Multiplicity:1.15
0.014	0.952	0.013	0.021
0.899	0.020	0.051	0.030
0.009	0.009	0.901	0.081
0.066	0.898	0.015	0.021
0.062	0.060	0.058	0.820
0.008	0.019	0.919	0.054
0.005	0.282	0.388	0.325
0.185	0.198	0.331	0.285
>TKACCTMA	6-TKACCTMA	7.077432	-306.996190	0	T:12650.0(15.85%),B:16121.5(12.84%),P:1e-133	Tpos:99.1,Tstd:54.9,Bpos:100.8,Bstd:56.6,StrandBias:0.0,Multiplicity:1.09
0.001	0.001	0.001	0.997
0.001	0.001	0.461	0.537
0.997	0.001	0.001	0.001
0.001	0.708	0.001	0.290
0.286	0.568	0.145	0.001
0.273	0.001	0.001	0.725
0.565	0.433	0.001	0.001
0.997	0.001	0.001	0.001
>TTTGGCAA	7-TTTGGCAA	5.324323	-260.211817	0	T:23951.0(30.01%),B:33171.1(26.42%),P:1e-113	Tpos:100.1,Tstd:55.7,Bpos:100.4,Bstd:59.2,StrandBias:0.0,Multiplicity:1.21
0.025	0.139	0.029	0.807
0.028	0.093	0.075	0.804
0.117	0.059	0.174	0.650
0.097	0.215	0.498	0.190
0.075	0.139	0.758	0.028
0.080	0.755	0.096	0.069
0.864	0.066	0.020	0.050
0.865	0.029	0.070	0.036
>ATTACGTC	8-ATTACGTC	4.926189	-224.376610	0	T:14798.0(18.54%),B:19795.4(15.77%),P:1e-97	Tpos:99.5,Tstd:56.3,Bpos:99.5,Bstd:57.7,StrandBias:-0.0,Multiplicity:1.08
0.861	0.082	0.030	0.027
0.155	0.083	0.066	0.696
0.100	0.120	0.163	0.617
0.778	0.069	0.035	0.118
0.059	0.700	0.100	0.141
0.097	0.043	0.759	0.101
0.071	0.059	0.074	0.796
0.080	0.798	0.048	0.074
>NGGGAAAT	9-NGGGAAAT	6.384041	-212.682756	0	T:19723.0(24.71%),B:27217.0(21.68%),P:1e-92	Tpos:99.7,Tstd:55.5,Bpos:99.7,Bstd:59.4,StrandBias:0.0,Multiplicity:1.11
0.278	0.291	0.242	0.190
0.375	0.001	0.623	0.001
0.095	0.001	0.759	0.145
0.001	0.001	0.905	0.093
0.851	0.001	0.001	0.147
0.927	0.071	0.001	0.001
0.773	0.225	0.001	0.001
0.001	0.375	0.001	0.623
>CGGCCAAG	10-CGGCCAAG	6.162232	-170.710773	0	T:16552.0(20.74%),B:22844.1(18.20%),P:1e-74	Tpos:98.4,Tstd:55.9,Bpos:100.3,Bstd:59.0,StrandBias:-0.0,Multiplicity:1.07
0.123	0.718	0.090	0.069
0.312	0.001	0.482	0.205
0.001	0.015	0.983	0.001
0.001	0.955	0.025	0.019
0.001	0.997	0.001	0.001
0.997	0.001	0.001	0.001
0.997	0.001	0.001	0.001
0.115	0.025	0.859	0.001
>GGAATGTT	11-GGAATGTT	5.573849	-162.419882	0	T:18579.0(23.28%),B:25965.6(20.68%),P:1e-70	Tpos:99.9,Tstd:56.2,Bpos:100.0,Bstd:59.8,StrandBias:0.0,Multiplicity:1.13
0.113	0.090	0.781	0.016
0.059	0.032	0.818	0.091
0.808	0.058	0.120	0.014
0.818	0.088	0.048	0.046
0.055	0.084	0.098	0.763
0.090	0.042	0.695	0.173
0.056	0.224	0.023	0.697
0.089	0.134	0.153	0.624
>AGGAAACA	12-AGGAAACA	5.512760	-138.508830	0	T:22317.0(27.96%),B:31887.8(25.40%),P:1e-60	Tpos:99.9,Tstd:56.8,Bpos:100.4,Bstd:59.2,StrandBias:0.0,Multiplicity:1.10
0.541	0.082	0.149	0.228
0.001	0.099	0.899	0.001
0.036	0.001	0.750	0.213
0.961	0.001	0.037	0.001
0.887	0.001	0.001	0.111
0.997	0.001	0.001	0.001
0.001	0.876	0.001	0.122
0.908	0.001	0.007	0.084
>GGGTGGGG	13-GGGTGGGG	8.232194	-122.563774	0	T:10718.0(13.43%),B:14611.0(11.64%),P:1e-53	Tpos:99.6,Tstd:55.7,Bpos:100.0,Bstd:57.9,StrandBias:-0.0,Multiplicity:1.23
0.001	0.001	0.997	0.001
0.001	0.020	0.978	0.001
0.001	0.037	0.961	0.001
0.110	0.001	0.001	0.888
0.001	0.001	0.997	0.001
0.001	0.001	0.947	0.051
0.289	0.001	0.670	0.040
0.109	0.001	0.889	0.001
>CCRTCTGG	14-CCRTCTGG	6.253543	-115.489175	0	T:4493.0(5.63%),B:5637.6(4.49%),P:1e-50	Tpos:101.6,Tstd:54.8,Bpos:99.8,Bstd:58.5,StrandBias:-0.0,Multiplicity:1.03
0.028	0.970	0.001	0.001
0.001	0.787	0.211	0.001
0.521	0.001	0.477	0.001
0.001	0.001	0.001	0.997
0.001	0.718	0.001	0.280
0.001	0.001	0.001	0.997
0.001	0.001	0.997	0.001
0.001	0.027	0.971	0.001
>AAWCCACG	15-AAWCCACG	5.284173	-105.355590	0	T:8645.0(10.83%),B:11709.9(9.33%),P:1e-45	Tpos:99.3,Tstd:55.9,Bpos:100.1,Bstd:57.6,StrandBias:0.0,Multiplicity:1.06
0.520	0.323	0.021	0.136
0.536	0.047	0.040	0.377
0.377	0.218	0.078	0.327
0.297	0.462	0.189	0.052
0.020	0.573	0.022	0.385
0.750	0.001	0.178	0.071
0.027	0.887	0.029	0.057
0.171	0.001	0.651	0.177
>GGCCTGGC	16-GGCCTGGC	5.276144	-99.381760	0	T:33194.0(41.59%),B:49189.5(39.19%),P:1e-43	Tpos:100.7,Tstd:55.4,Bpos:99.9,Bstd:58.4,StrandBias:0.0,Multiplicity:1.49
0.212	0.069	0.649	0.070
0.031	0.137	0.756	0.076
0.012	0.811	0.110	0.067
0.019	0.718	0.042	0.221
0.161	0.083	0.096	0.660
0.057	0.043	0.860	0.040
0.032	0.079	0.851	0.038
0.074	0.699	0.193	0.034
>TTCCCAGA	17-TTCCCAGA	7.130269	-77.164462	0	T:7267.0(9.10%),B:9939.4(7.92%),P:1e-33	Tpos:99.9,Tstd:56.0,Bpos:101.3,Bstd:59.8,StrandBias:0.0,Multiplicity:1.04
0.001	0.001	0.001	0.997
0.001	0.189	0.001	0.809
0.001	0.997	0.001	0.001
0.001	0.997	0.001	0.001
0.114	0.884	0.001	0.001
0.964	0.034	0.001	0.001
0.001	0.001	0.903	0.095
0.876	0.001	0.001	0.122
>KTCTGCGT	18-KTCTGCGT	6.506854	-77.039713	0	T:5867.0(7.35%),B:7885.4(6.28%),P:1e-33	Tpos:100.2,Tstd:55.5,Bpos:100.6,Bstd:58.7,StrandBias:-0.0,Multiplicity:1.05
0.072	0.037	0.460	0.432
0.108	0.124	0.242	0.526
0.210	0.655	0.092	0.043
0.295	0.001	0.001	0.703
0.020	0.001	0.802	0.177
0.001	0.997	0.001	0.001
0.001	0.001	0.730	0.268
0.001	0.001	0.286	0.712
>CGAGCCAG	19-CGAGCCAG	6.527062	-72.356093	0	T:12825.0(16.07%),B:18302.8(14.58%),P:1e-31	Tpos:100.7,Tstd:55.8,Bpos:101.5,Bstd:59.2,StrandBias:0.0,Multiplicity:1.10
0.109	0.792	0.063	0.036
0.001	0.152	0.780	0.067
0.765	0.001	0.214	0.020
0.023	0.001	0.975	0.001
0.001	0.922	0.076	0.001
0.032	0.945	0.022	0.001
0.962	0.001	0.001	0.036
0.001	0.070	0.902	0.027
>TTACDCNR	20-TTACDCNR	5.496957	-68.021839	0	T:1525.0(1.91%),B:1770.9(1.41%),P:1e-29	Tpos:101.8,Tstd:57.0,Bpos:99.7,Bstd:58.3,StrandBias:0.1,Multiplicity:1.01
0.113	0.001	0.001	0.885
0.019	0.001	0.351	0.629
0.663	0.162	0.174	0.001
0.332	0.643	0.024	0.001
0.239	0.198	0.351	0.213
0.233	0.495	0.272	0.001
0.342	0.196	0.264	0.198
0.435	0.241	0.303	0.021
>CTAATWWT	21-CTAATWWT	5.875372	-67.504691	0	T:12204.0(15.29%),B:17428.0(13.88%),P:1e-29	Tpos:100.0,Tstd:57.3,Bpos:99.2,Bstd:57.6,StrandBias:0.0,Multiplicity:1.09
0.140	0.511	0.336	0.013
0.279	0.007	0.095	0.619
0.868	0.075	0.040	0.017
0.617	0.023	0.029	0.331
0.060	0.067	0.017	0.856
0.436	0.032	0.023	0.509
0.406	0.206	0.075	0.312
0.032	0.143	0.032	0.793
>AAAACAGC	22-AAAACAGC	6.527781	-66.895045	0	T:5122.0(6.42%),B:6885.4(5.49%),P:1e-29	Tpos:100.0,Tstd:56.2,Bpos:100.7,Bstd:60.2,StrandBias:-0.1,Multiplicity:1.03
0.540	0.001	0.334	0.125
0.997	0.001	0.001	0.001
0.997	0.001	0.001	0.001
0.913	0.001	0.001	0.085
0.001	0.997	0.001	0.001
0.997	0.001	0.001	0.001
0.001	0.001	0.997	0.001
0.001	0.997	0.001	0.001
>ACAATAGC	23-ACAATAGC	8.494304	-48.747198	0	T:1683.0(2.11%),B:2082.4(1.66%),P:1e-21	Tpos:100.3,Tstd:57.2,Bpos:104.1,Bstd:57.0,StrandBias:0.1,Multiplicity:1.01
0.997	0.001	0.001	0.001
0.183	0.684	0.001	0.132
0.887	0.001	0.111	0.001
0.997	0.001	0.001	0.001
0.001	0.001	0.001	0.997
0.997	0.001	0.001	0.001
0.001	0.001	0.997	0.001
0.001	0.997	0.001	0.001
>TAGGGAAG	24-TAGGGAAG	8.236954	-39.663973	0	T:1148.0(1.44%),B:1389.1(1.11%),P:1e-17	Tpos:104.2,Tstd:56.7,Bpos:101.0,Bstd:59.4,StrandBias:0.0,Multiplicity:1.01
0.100	0.100	0.100	0.700
0.700	0.100	0.100	0.100
0.100	0.100	0.700	0.100
0.100	0.100	0.700	0.100
0.100	0.100	0.700	0.100
0.700	0.100	0.100	0.100
0.700	0.100	0.100	0.100
0.100	0.100	0.700	0.100
>TATATATA	25-TATATATA	8.236954	-4.131549	0	T:207.0(0.26%),B:279.1(0.22%),P:1e-1	Tpos:94.2,Tstd:55.8,Bpos:106.8,Bstd:50.0,StrandBias:0.0,Multiplicity:1.08
0.100	0.100	0.100	0.700
0.700	0.100	0.100	0.100
0.100	0.100	0.100	0.700
0.700	0.100	0.100	0.100
0.100	0.100	0.100	0.700
0.700	0.100	0.100	0.100
0.100	0.100	0.100	0.700
0.700	0.100	0.100	0.100
